=============== May 1, 2016 (IST) ===============
03:42:54.464952 log@legend F·NumFile S·FileSize N·Entry C·BadEntry B·BadBlock Ke·KeyError D·DroppedEntry L·Level Q·SeqNum T·TimeElapsed
03:42:54.465554 db@open opening
03:42:54.466405 version@stat F·[] S·0B[] Sc·[]
03:42:54.466765 db@janitor F·2 G·0
03:42:54.466814 db@open done T·1.229321ms
03:42:55.498309 transaction@flush created L0@2 N·1 S·126B "las..dex,v1":"las..dex,v1"
03:42:55.498380 version@stat F·[1] S·126B[126B] Sc·[0.25]
03:42:55.499277 transaction@flush created L0@3 N·2 S·298B "0,v2":"las..dex,v3"
03:42:55.499309 version@stat F·[2] S·424B[424B] Sc·[0.50]
03:42:55.499980 transaction@flush created L0@4 N·1 S·125B "las..dex,v4":"las..dex,v4"
03:42:55.500027 version@stat F·[3] S·549B[549B] Sc·[0.75]
03:42:55.502048 transaction@flush created L0@5 N·2 S·298B "1,v5":"las..dex,v6"
03:42:55.502133 version@stat F·[4] S·847B[847B] Sc·[1.00]
03:42:55.504607 transaction@flush created L0@6 N·1 S·125B "las..dex,v7":"las..dex,v7"
03:42:55.504687 version@stat F·[5] S·972B[972B] Sc·[1.25]
03:42:55.506188 transaction@flush created L0@7 N·2 S·298B "2,v8":"las..dex,v9"
03:42:55.506257 version@stat F·[6] S·1KiB[1KiB] Sc·[1.50]
03:42:55.506946 transaction@flush created L0@8 N·1 S·125B "las..dex,v10":"las..dex,v10"
03:42:55.507032 version@stat F·[7] S·1KiB[1KiB] Sc·[1.75]
03:42:55.507928 transaction@flush created L0@9 N·2 S·298B "3,v11":"las..dex,v12"
03:42:55.507987 version@stat F·[8] S·1KiB[1KiB] Sc·[2.00]
03:42:55.508902 transaction@flush created L0@10 N·1 S·125B "las..dex,v13":"las..dex,v13"
03:42:55.508956 version@stat F·[9] S·1KiB[1KiB] Sc·[2.25]
03:42:55.509836 transaction@flush created L0@11 N·2 S·298B "4,v14":"las..dex,v15"
03:42:55.509892 version@stat F·[10] S·2KiB[2KiB] Sc·[2.50]
03:42:55.510666 transaction@flush created L0@12 N·1 S·125B "las..dex,v16":"las..dex,v16"
03:42:55.510733 version@stat F·[11] S·2KiB[2KiB] Sc·[2.75]
03:42:55.511401 transaction@flush created L0@13 N·2 S·298B "5,v17":"las..dex,v18"
03:42:55.511617 version@stat F·[12] S·2KiB[2KiB] Sc·[3.00]
03:42:55.512515 transaction@flush created L0@14 N·1 S·125B "las..dex,v19":"las..dex,v19"
03:42:55.512547 version@stat F·[13] S·2KiB[2KiB] Sc·[3.25]
03:42:55.513221 transaction@flush created L0@15 N·2 S·298B "6,v20":"las..dex,v21"
03:42:55.513249 version@stat F·[14] S·2KiB[2KiB] Sc·[3.50]
03:42:55.513750 transaction@flush created L0@16 N·1 S·125B "las..dex,v22":"las..dex,v22"
03:42:55.513786 version@stat F·[15] S·3KiB[3KiB] Sc·[3.75]
03:42:55.514298 transaction@flush created L0@17 N·2 S·298B "7,v23":"las..dex,v24"
03:42:55.514339 version@stat F·[16] S·3KiB[3KiB] Sc·[4.00]
03:42:55.514833 transaction@flush created L0@18 N·1 S·125B "las..dex,v25":"las..dex,v25"
03:42:55.514863 version@stat F·[17] S·3KiB[3KiB] Sc·[4.25]
03:42:55.515464 transaction@flush created L0@19 N·2 S·298B "8,v26":"las..dex,v27"
03:42:55.515492 version@stat F·[18] S·3KiB[3KiB] Sc·[4.50]
03:42:55.516025 transaction@flush created L0@20 N·1 S·125B "las..dex,v28":"las..dex,v28"
03:42:55.516057 version@stat F·[19] S·3KiB[3KiB] Sc·[4.75]
03:42:55.516555 transaction@flush created L0@21 N·2 S·299B "9,v29":"las..dex,v30"
03:42:55.516590 version@stat F·[20] S·4KiB[4KiB] Sc·[5.00]
03:42:55.517131 transaction@flush created L0@22 N·1 S·125B "las..dex,v31":"las..dex,v31"
03:42:55.517158 version@stat F·[21] S·4KiB[4KiB] Sc·[5.25]
03:42:55.517789 transaction@flush created L0@23 N·2 S·301B "10,v32":"las..dex,v33"
03:42:55.517818 version@stat F·[22] S·4KiB[4KiB] Sc·[5.50]
03:42:55.518253 transaction@flush created L0@24 N·1 S·126B "las..dex,v34":"las..dex,v34"
03:42:55.518282 version@stat F·[23] S·4KiB[4KiB] Sc·[5.75]
03:42:55.518860 transaction@flush created L0@25 N·2 S·301B "11,v35":"las..dex,v36"
03:42:55.518914 version@stat F·[24] S·4KiB[4KiB] Sc·[6.00]
03:42:55.519436 transaction@flush created L0@26 N·1 S·126B "las..dex,v37":"las..dex,v37"
03:42:55.519465 version@stat F·[25] S·5KiB[5KiB] Sc·[6.25]
03:42:55.519977 transaction@flush created L0@27 N·2 S·301B "12,v38":"las..dex,v39"
03:42:55.520019 version@stat F·[26] S·5KiB[5KiB] Sc·[6.50]
03:42:55.520477 transaction@flush created L0@28 N·1 S·126B "las..dex,v40":"las..dex,v40"
03:42:55.520521 version@stat F·[27] S·5KiB[5KiB] Sc·[6.75]
03:42:55.521268 transaction@flush created L0@29 N·2 S·301B "13,v41":"las..dex,v42"
03:42:55.521301 version@stat F·[28] S·5KiB[5KiB] Sc·[7.00]
03:42:55.521930 transaction@flush created L0@30 N·1 S·126B "las..dex,v43":"las..dex,v43"
03:42:55.521966 version@stat F·[29] S·5KiB[5KiB] Sc·[7.25]
03:42:55.522576 transaction@flush created L0@31 N·2 S·301B "14,v44":"las..dex,v45"
03:42:55.522618 version@stat F·[30] S·6KiB[6KiB] Sc·[7.50]
03:42:55.512086 table@compaction L0·11 -> L1·0 S·2KiB Q·18
03:42:55.523275 transaction@flush created L0@32 N·1 S·126B "las..dex,v46":"las..dex,v46"
03:42:55.524241 table@build created L1@33 N·6 S·376B "0,v2":"las..dex,v16"
03:42:55.523321 version@stat F·[31] S·6KiB[6KiB] Sc·[7.75]
03:42:55.524939 transaction@flush created L0@34 N·2 S·301B "15,v47":"las..dex,v48"
03:42:55.525017 version@stat F·[32] S·6KiB[6KiB] Sc·[8.00]
03:42:55.525662 transaction@flush created L0@35 N·1 S·126B "las..dex,v49":"las..dex,v49"
03:42:55.525695 version@stat F·[33] S·6KiB[6KiB] Sc·[8.25]
03:42:55.526155 transaction@flush created L0@36 N·2 S·301B "16,v50":"las..dex,v51"
03:42:55.526186 version@stat F·[34] S·7KiB[7KiB] Sc·[8.50]
03:42:55.526822 transaction@flush created L0@37 N·1 S·126B "las..dex,v52":"las..dex,v52"
03:42:55.526854 version@stat F·[35] S·7KiB[7KiB] Sc·[8.75]
03:42:55.527363 transaction@flush created L0@38 N·2 S·301B "17,v53":"las..dex,v54"
03:42:55.527411 version@stat F·[36] S·7KiB[7KiB] Sc·[9.00]
03:42:55.527849 transaction@flush created L0@39 N·1 S·126B "las..dex,v55":"las..dex,v55"
03:42:55.527895 version@stat F·[37] S·7KiB[7KiB] Sc·[9.25]
03:42:55.528399 transaction@flush created L0@40 N·2 S·301B "18,v56":"las..dex,v57"
03:42:55.528431 version@stat F·[38] S·7KiB[7KiB] Sc·[9.50]
03:42:55.529098 transaction@flush created L0@41 N·1 S·126B "las..dex,v58":"las..dex,v58"
03:42:55.529136 version@stat F·[39] S·8KiB[8KiB] Sc·[9.75]
03:42:55.529736 transaction@flush created L0@42 N·2 S·301B "19,v59":"las..dex,v60"
03:42:55.529808 version@stat F·[40] S·8KiB[8KiB] Sc·[10.00]
03:42:55.530295 transaction@flush created L0@43 N·1 S·126B "las..dex,v61":"las..dex,v61"
03:42:55.530328 version@stat F·[41] S·8KiB[8KiB] Sc·[10.25]
03:42:55.531177 transaction@flush created L0@44 N·2 S·301B "20,v62":"las..dex,v63"
03:42:55.531250 version@stat F·[42] S·8KiB[8KiB] Sc·[10.50]
03:42:55.532318 transaction@flush created L0@45 N·1 S·126B "las..dex,v64":"las..dex,v64"
03:42:55.532359 version@stat F·[43] S·8KiB[8KiB] Sc·[10.75]
03:42:55.533746 transaction@flush created L0@46 N·2 S·301B "21,v65":"las..dex,v66"
03:42:55.533783 version@stat F·[44] S·9KiB[9KiB] Sc·[11.00]
03:42:55.534452 transaction@flush created L0@47 N·1 S·126B "las..dex,v67":"las..dex,v67"
03:42:55.534487 version@stat F·[45] S·9KiB[9KiB] Sc·[11.25]
03:42:55.535568 transaction@flush created L0@48 N·2 S·301B "22,v68":"las..dex,v69"
03:42:55.535614 version@stat F·[46] S·9KiB[9KiB] Sc·[11.50]
03:42:55.536127 transaction@flush created L0@49 N·1 S·126B "las..dex,v70":"las..dex,v70"
03:42:55.536174 version@stat F·[47] S·9KiB[9KiB] Sc·[11.75]
03:42:55.537003 transaction@flush created L0@50 N·2 S·301B "23,v71":"las..dex,v72"
03:42:55.537047 version@stat F·[48] S·9KiB[9KiB] Sc·[12.00]
03:42:55.537622 transaction@flush created L0@51 N·1 S·126B "las..dex,v73":"las..dex,v73"
03:42:55.537665 version@stat F·[49] S·10KiB[10KiB] Sc·[12.25]
03:42:55.538205 transaction@flush created L0@52 N·2 S·301B "24,v74":"las..dex,v75"
03:42:55.538296 version@stat F·[50] S·10KiB[10KiB] Sc·[12.50]
03:42:55.539029 transaction@flush created L0@53 N·1 S·126B "las..dex,v76":"las..dex,v76"
03:42:55.539063 version@stat F·[51] S·10KiB[10KiB] Sc·[12.75]
03:42:55.539725 transaction@flush created L0@54 N·2 S·301B "25,v77":"las..dex,v78"
03:42:55.539344 version@stat F·[40 1] S·8KiB[8KiB 376B] Sc·[10.00 0.00]
03:42:55.539909 table@compaction committed F-10 S-1KiB Ke·0 D·10 T·16.717776ms
03:42:55.540670 table@remove removed @12
03:42:55.540919 table@remove removed @11
03:42:55.541024 table@remove removed @10
03:42:55.541148 table@remove removed @9
03:42:55.541382 table@remove removed @8
03:42:55.541488 table@remove removed @7
03:42:55.541743 table@remove removed @6
03:42:55.541951 table@remove removed @5
03:42:55.542128 table@remove removed @4
03:42:55.542222 table@remove removed @3
03:42:55.542384 table@remove removed @2
03:42:55.542590 table@compaction L0·40 -> L1·1 S·8KiB Q·76
03:42:55.545146 table@build created L1@55 N·26 S·933B "0,v2":"las..dex,v76"
03:42:55.545225 version@stat F·[41 1] S·8KiB[8KiB 376B] Sc·[10.25 0.00]
03:42:55.545718 transaction@flush created L0@56 N·1 S·126B "las..dex,v79":"las..dex,v79"
03:42:55.545765 version@stat F·[42 1] S·9KiB[8KiB 376B] Sc·[10.50 0.00]
03:42:55.546464 transaction@flush created L0@57 N·2 S·301B "26,v80":"las..dex,v81"
03:42:55.546501 version@stat F·[43 1] S·9KiB[9KiB 376B] Sc·[10.75 0.00]
03:42:55.547053 transaction@flush created L0@58 N·1 S·126B "las..dex,v82":"las..dex,v82"
03:42:55.547091 version@stat F·[44 1] S·9KiB[9KiB 376B] Sc·[11.00 0.00]
03:42:55.547688 transaction@flush created L0@59 N·2 S·301B "27,v83":"las..dex,v84"
03:42:55.547726 version@stat F·[45 1] S·9KiB[9KiB 376B] Sc·[11.25 0.00]
03:42:55.548329 transaction@flush created L0@60 N·1 S·126B "las..dex,v85":"las..dex,v85"
03:42:55.548396 version@stat F·[46 1] S·9KiB[9KiB 376B] Sc·[11.50 0.00]
03:42:55.549052 transaction@flush created L0@61 N·2 S·301B "28,v86":"las..dex,v87"
03:42:55.549196 version@stat F·[47 1] S·10KiB[9KiB 376B] Sc·[11.75 0.00]
03:42:55.549701 transaction@flush created L0@62 N·1 S·126B "las..dex,v88":"las..dex,v88"
03:42:55.549740 version@stat F·[48 1] S·10KiB[9KiB 376B] Sc·[12.00 0.00]
03:42:55.550807 transaction@flush created L0@63 N·2 S·301B "29,v89":"las..dex,v90"
03:42:55.550845 version@stat F·[49 1] S·10KiB[10KiB 376B] Sc·[12.25 0.00]
03:42:55.551358 transaction@flush created L0@64 N·1 S·126B "las..dex,v91":"las..dex,v91"
03:42:55.551394 version@stat F·[50 1] S·10KiB[10KiB 376B] Sc·[12.50 0.00]
03:42:55.551993 transaction@flush created L0@65 N·2 S·301B "30,v92":"las..dex,v93"
03:42:55.552150 version@stat F·[51 1] S·11KiB[10KiB 376B] Sc·[12.75 0.00]
03:42:55.552754 transaction@flush created L0@66 N·1 S·126B "las..dex,v94":"las..dex,v94"
03:42:55.552796 version@stat F·[52 1] S·11KiB[10KiB 376B] Sc·[13.00 0.00]
03:42:55.553458 transaction@flush created L0@67 N·2 S·301B "31,v95":"las..dex,v96"
03:42:55.553515 version@stat F·[53 1] S·11KiB[11KiB 376B] Sc·[13.25 0.00]
03:42:55.554256 version@stat F·[13 1] S·3KiB[2KiB 933B] Sc·[3.25 0.00]
03:42:55.554428 table@compaction committed F-40 S-7KiB Ke·0 D·40 T·2.803072ms
03:42:55.554788 table@remove removed @53
03:42:55.554889 table@remove removed @52
03:42:55.555029 table@remove removed @51
03:42:55.555132 table@remove removed @50
03:42:55.555298 table@remove removed @49
03:42:55.555401 table@remove removed @48
03:42:55.555506 table@remove removed @47
03:42:55.555619 table@remove removed @46
03:42:55.555699 table@remove removed @45
03:42:55.555814 table@remove removed @44
03:42:55.555929 table@remove removed @43
03:42:55.556021 table@remove removed @42
03:42:55.556114 table@remove removed @41
03:42:55.556206 table@remove removed @40
03:42:55.556327 table@remove removed @39
03:42:55.556422 table@remove removed @38
03:42:55.556515 table@remove removed @37
03:42:55.556588 table@remove removed @36
03:42:55.556718 table@remove removed @35
03:42:55.556808 table@remove removed @34
03:42:55.556901 table@remove removed @32
03:42:55.556968 table@remove removed @31
03:42:55.557067 table@remove removed @30
03:42:55.557141 table@remove removed @29
03:42:55.557239 table@remove removed @28
03:42:55.557325 table@remove removed @27
03:42:55.557412 table@remove removed @26
03:42:55.557705 table@remove removed @25
03:42:55.557807 table@remove removed @24
03:42:55.557890 table@remove removed @23
03:42:55.558193 table@remove removed @22
03:42:55.558277 table@remove removed @21
03:42:55.558419 table@remove removed @20
03:42:55.558902 table@remove removed @19
03:42:55.559033 table@remove removed @18
03:42:55.559245 table@remove removed @17
03:42:55.559353 table@remove removed @16
03:42:55.559678 table@remove removed @15
03:42:55.559840 table@remove removed @14
03:42:55.560021 table@remove removed @13
03:42:55.560183 table@remove removed @33
03:42:55.560246 table@compaction L0·13 -> L1·1 S·3KiB Q·96
03:42:55.562005 table@build created L1@69 N·33 S·1KiB "0,v2":"las..dex,v96"
03:42:55.562065 version@stat F·[0 1] S·1KiB[0B 1KiB] Sc·[0.00 0.00]
03:42:55.562203 table@compaction committed F-13 S-2KiB Ke·0 D·13 T·1.919272ms
03:42:55.562315 table@remove removed @67
03:42:55.562395 table@remove removed @66
03:42:55.562462 table@remove removed @65
03:42:55.562525 table@remove removed @64
03:42:55.562591 table@remove removed @63
03:42:55.562724 table@remove removed @62
03:42:55.562801 table@remove removed @61
03:42:55.562875 table@remove removed @60
03:42:55.562971 table@remove removed @59
03:42:55.563072 table@remove removed @58
03:42:55.563169 table@remove removed @57
03:42:55.563296 table@remove removed @56
03:42:55.563452 table@remove removed @54
03:42:55.563563 table@remove removed @55
03:42:55.571406 transaction@flush created L0@68 N·1 S·126B "las..dex,v97":"las..dex,v97"
03:42:55.571455 version@stat F·[1 1] S·1KiB[126B 1KiB] Sc·[0.25 0.00]
03:42:55.572126 transaction@flush created L0@70 N·2 S·301B "32,v98":"las..dex,v99"
03:42:55.572165 version@stat F·[2 1] S·1KiB[427B 1KiB] Sc·[0.50 0.00]
03:42:55.572688 transaction@flush created L0@71 N·1 S·126B "las..dex,v100":"las..dex,v100"
03:42:55.572761 version@stat F·[3 1] S·1KiB[553B 1KiB] Sc·[0.75 0.00]
03:42:55.573311 transaction@flush created L0@72 N·2 S·301B "33,v101":"las..dex,v102"
03:42:55.573342 version@stat F·[4 1] S·1KiB[854B 1KiB] Sc·[1.00 0.00]
03:42:55.573869 transaction@flush created L0@73 N·1 S·126B "las..dex,v103":"las..dex,v103"
03:42:55.573899 version@stat F·[5 1] S·2KiB[980B 1KiB] Sc·[1.25 0.00]
03:42:55.574449 transaction@flush created L0@74 N·2 S·301B "34,v104":"las..dex,v105"
03:42:55.574481 version@stat F·[6 1] S·2KiB[1KiB 1KiB] Sc·[1.50 0.00]
03:42:55.574991 transaction@flush created L0@75 N·1 S·126B "las..dex,v106":"las..dex,v106"
03:42:55.575025 version@stat F·[7 1] S·2KiB[1KiB 1KiB] Sc·[1.75 0.00]
03:42:55.575709 transaction@flush created L0@76 N·2 S·301B "35,v107":"las..dex,v108"
03:42:55.575787 version@stat F·[8 1] S·2KiB[1KiB 1KiB] Sc·[2.00 0.00]
03:42:55.576368 transaction@flush created L0@77 N·1 S·126B "las..dex,v109":"las..dex,v109"
03:42:55.576398 version@stat F·[9 1] S·2KiB[1KiB 1KiB] Sc·[2.25 0.00]
03:42:55.576896 transaction@flush created L0@78 N·2 S·301B "36,v110":"las..dex,v111"
03:42:55.576938 version@stat F·[10 1] S·3KiB[2KiB 1KiB] Sc·[2.50 0.00]
03:42:55.577448 transaction@flush created L0@79 N·1 S·126B "las..dex,v112":"las..dex,v112"
03:42:55.577476 version@stat F·[11 1] S·3KiB[2KiB 1KiB] Sc·[2.75 0.00]
03:42:55.578053 transaction@flush created L0@80 N·2 S·301B "37,v113":"las..dex,v114"
03:42:55.578096 version@stat F·[12 1] S·3KiB[2KiB 1KiB] Sc·[3.00 0.00]
03:42:55.578643 transaction@flush created L0@81 N·1 S·126B "las..dex,v115":"las..dex,v115"
03:42:55.578677 version@stat F·[13 1] S·3KiB[2KiB 1KiB] Sc·[3.25 0.00]
03:42:55.580829 table@compaction L0·13 -> L1·1 S·3KiB Q·115
03:42:55.582242 table@build created L1@83 N·39 S·1KiB "0,v2":"las..dex,v115"
03:42:55.582332 version@stat F·[0 1] S·1KiB[0B 1KiB] Sc·[0.00 0.00]
03:42:55.582487 table@compaction committed F-13 S-2KiB Ke·0 D·13 T·1.628764ms
03:42:55.582587 table@remove removed @81
03:42:55.582695 table@remove removed @80
03:42:55.582768 table@remove removed @79
03:42:55.582831 table@remove removed @78
03:42:55.582955 table@remove removed @77
03:42:55.583027 table@remove removed @76
03:42:55.583146 table@remove removed @75
03:42:55.583227 table@remove removed @74
03:42:55.583317 table@remove removed @73
03:42:55.583385 table@remove removed @72
03:42:55.583452 table@remove removed @71
03:42:55.583525 table@remove removed @70
03:42:55.583652 table@remove removed @68
03:42:55.583780 table@remove removed @69
03:42:55.581035 transaction@flush created L0@82 N·2 S·301B "38,v116":"las..dex,v117"
03:42:55.583842 version@stat F·[1 1] S·1KiB[301B 1KiB] Sc·[0.25 0.00]
03:42:55.584457 transaction@flush created L0@84 N·1 S·126B "las..dex,v118":"las..dex,v118"
03:42:55.584496 version@stat F·[2 1] S·1KiB[427B 1KiB] Sc·[0.50 0.00]
03:42:55.584983 transaction@flush created L0@85 N·2 S·301B "39,v119":"las..dex,v120"
03:42:55.585014 version@stat F·[3 1] S·1KiB[728B 1KiB] Sc·[0.75 0.00]
03:42:55.585483 transaction@flush created L0@86 N·1 S·126B "las..dex,v121":"las..dex,v121"
03:42:55.585516 version@stat F·[4 1] S·1KiB[854B 1KiB] Sc·[1.00 0.00]
03:42:55.586257 transaction@flush created L0@87 N·2 S·301B "40,v122":"las..dex,v123"
03:42:55.586307 version@stat F·[5 1] S·2KiB[1KiB 1KiB] Sc·[1.25 0.00]
03:42:55.586785 transaction@flush created L0@88 N·1 S·126B "las..dex,v124":"las..dex,v124"
03:42:55.586817 version@stat F·[6 1] S·2KiB[1KiB 1KiB] Sc·[1.50 0.00]
03:42:55.587354 transaction@flush created L0@89 N·2 S·301B "41,v125":"las..dex,v126"
03:42:55.587384 version@stat F·[7 1] S·2KiB[1KiB 1KiB] Sc·[1.75 0.00]
03:42:55.587897 transaction@flush created L0@90 N·1 S·126B "las..dex,v127":"las..dex,v127"
03:42:55.587930 version@stat F·[8 1] S·2KiB[1KiB 1KiB] Sc·[2.00 0.00]
03:42:55.588497 transaction@flush created L0@91 N·2 S·301B "42,v128":"las..dex,v129"
03:42:55.588528 version@stat F·[9 1] S·3KiB[1KiB 1KiB] Sc·[2.25 0.00]
03:42:55.588998 transaction@flush created L0@92 N·1 S·126B "las..dex,v130":"las..dex,v130"
03:42:55.589026 version@stat F·[10 1] S·3KiB[2KiB 1KiB] Sc·[2.50 0.00]
03:42:55.589675 transaction@flush created L0@93 N·2 S·301B "43,v131":"las..dex,v132"
03:42:55.589705 version@stat F·[11 1] S·3KiB[2KiB 1KiB] Sc·[2.75 0.00]
03:42:55.592784 transaction@flush created L0@94 N·1 S·126B "las..dex,v133":"las..dex,v133"
03:42:55.592845 version@stat F·[12 1] S·3KiB[2KiB 1KiB] Sc·[3.00 0.00]
03:42:55.593399 transaction@flush created L0@95 N·2 S·301B "44,v134":"las..dex,v135"
03:42:55.593435 version@stat F·[13 1] S·3KiB[2KiB 1KiB] Sc·[3.25 0.00]
03:42:55.593976 transaction@flush created L0@96 N·1 S·126B "las..dex,v136":"las..dex,v136"
03:42:55.594021 version@stat F·[14 1] S·4KiB[2KiB 1KiB] Sc·[3.50 0.00]
03:42:55.594528 transaction@flush created L0@97 N·2 S·301B "45,v137":"las..dex,v138"
03:42:55.594562 version@stat F·[15 1] S·4KiB[3KiB 1KiB] Sc·[3.75 0.00]
03:42:55.595129 transaction@flush created L0@98 N·1 S·126B "las..dex,v139":"las..dex,v139"
03:42:55.595162 version@stat F·[16 1] S·4KiB[3KiB 1KiB] Sc·[4.00 0.00]
03:42:55.595824 transaction@flush created L0@99 N·2 S·301B "46,v140":"las..dex,v141"
03:42:55.595859 version@stat F·[17 1] S·4KiB[3KiB 1KiB] Sc·[4.25 0.00]
03:42:55.596397 transaction@flush created L0@100 N·1 S·126B "las..dex,v142":"las..dex,v142"
03:42:55.596437 version@stat F·[18 1] S·4KiB[3KiB 1KiB] Sc·[4.50 0.00]
03:42:55.596991 transaction@flush created L0@101 N·2 S·301B "47,v143":"las..dex,v144"
03:42:55.597024 version@stat F·[19 1] S·5KiB[4KiB 1KiB] Sc·[4.75 0.00]
03:42:55.597515 transaction@flush created L0@102 N·1 S·126B "las..dex,v145":"las..dex,v145"
03:42:55.597545 version@stat F·[20 1] S·5KiB[4KiB 1KiB] Sc·[5.00 0.00]
03:42:55.598130 transaction@flush created L0@103 N·2 S·301B "48,v146":"las..dex,v147"
03:42:55.598163 version@stat F·[21 1] S·5KiB[4KiB 1KiB] Sc·[5.25 0.00]
03:42:55.598694 transaction@flush created L0@104 N·1 S·126B "las..dex,v148":"las..dex,v148"
03:42:55.598745 version@stat F·[22 1] S·5KiB[4KiB 1KiB] Sc·[5.50 0.00]
03:42:55.599282 transaction@flush created L0@105 N·2 S·301B "49,v149":"las..dex,v150"
03:42:55.599325 version@stat F·[23 1] S·6KiB[4KiB 1KiB] Sc·[5.75 0.00]
03:42:55.599841 transaction@flush created L0@106 N·1 S·126B "las..dex,v151":"las..dex,v151"
03:42:55.599884 version@stat F·[24 1] S·6KiB[5KiB 1KiB] Sc·[6.00 0.00]
03:42:55.600459 transaction@flush created L0@107 N·2 S·301B "50,v152":"las..dex,v153"
03:42:55.600502 version@stat F·[25 1] S·6KiB[5KiB 1KiB] Sc·[6.25 0.00]
03:42:55.602944 transaction@flush created L0@108 N·1 S·126B "las..dex,v154":"las..dex,v154"
03:42:55.602982 version@stat F·[26 1] S·6KiB[5KiB 1KiB] Sc·[6.50 0.00]
03:42:55.603694 transaction@flush created L0@109 N·2 S·301B "51,v155":"las..dex,v156"
03:42:55.603741 version@stat F·[27 1] S·6KiB[5KiB 1KiB] Sc·[6.75 0.00]
03:42:55.604309 transaction@flush created L0@110 N·1 S·126B "las..dex,v157":"las..dex,v157"
03:42:55.604341 version@stat F·[28 1] S·6KiB[5KiB 1KiB] Sc·[7.00 0.00]
03:42:55.604360 table@compaction L0·27 -> L1·1 S·6KiB Q·156
03:42:55.606387 transaction@flush created L0@112 N·2 S·301B "52,v158":"las..dex,v159"
03:42:55.606430 version@stat F·[29 1] S·7KiB[6KiB 1KiB] Sc·[7.25 0.00]
03:42:55.606729 table@build created L1@111 N·53 S·1KiB "0,v2":"las..dex,v156"
03:42:55.606805 version@stat F·[2 1] S·1KiB[427B 1KiB] Sc·[0.50 0.00]
03:42:55.606914 transaction@flush created L0@113 N·1 S·126B "las..dex,v160":"las..dex,v160"
03:42:55.606998 table@compaction committed F-27 S-5KiB Ke·0 D·27 T·2.611608ms
03:42:55.607150 table@remove removed @109
03:42:55.607272 table@remove removed @108
03:42:55.607381 table@remove removed @107
03:42:55.607506 table@remove removed @106
03:42:55.607637 table@remove removed @105
03:42:55.607722 table@remove removed @104
03:42:55.607815 table@remove removed @103
03:42:55.607950 table@remove removed @102
03:42:55.608163 table@remove removed @101
03:42:55.608271 table@remove removed @100
03:42:55.610081 table@remove removed @99
03:42:55.610180 table@remove removed @98
03:42:55.610270 table@remove removed @97
03:42:55.610398 table@remove removed @96
03:42:55.610616 table@remove removed @95
03:42:55.610701 table@remove removed @94
03:42:55.610833 table@remove removed @93
03:42:55.610916 table@remove removed @92
03:42:55.610988 table@remove removed @91
03:42:55.611087 table@remove removed @90
03:42:55.611159 table@remove removed @89
03:42:55.611230 table@remove removed @88
03:42:55.611319 table@remove removed @87
03:42:55.611381 table@remove removed @86
03:42:55.611465 table@remove removed @85
03:42:55.611536 table@remove removed @84
03:42:55.611600 table@remove removed @82
03:42:55.611722 table@remove removed @83
03:42:55.611761 version@stat F·[3 1] S·2KiB[553B 1KiB] Sc·[0.75 0.00]
03:42:55.612316 transaction@flush created L0@114 N·2 S·301B "53,v161":"las..dex,v162"
03:42:55.612343 version@stat F·[4 1] S·2KiB[854B 1KiB] Sc·[1.00 0.00]
03:42:55.612925 transaction@flush created L0@115 N·1 S·126B "las..dex,v163":"las..dex,v163"
03:42:55.612956 version@stat F·[5 1] S·2KiB[980B 1KiB] Sc·[1.25 0.00]
03:42:55.613596 transaction@flush created L0@116 N·2 S·301B "54,v164":"las..dex,v165"
03:42:55.613625 version@stat F·[6 1] S·2KiB[1KiB 1KiB] Sc·[1.50 0.00]
03:42:55.614345 transaction@flush created L0@117 N·1 S·126B "las..dex,v166":"las..dex,v166"
03:42:55.614374 version@stat F·[7 1] S·2KiB[1KiB 1KiB] Sc·[1.75 0.00]
03:42:55.615184 transaction@flush created L0@118 N·2 S·301B "55,v167":"las..dex,v168"
03:42:55.615225 version@stat F·[8 1] S·3KiB[1KiB 1KiB] Sc·[2.00 0.00]
03:42:55.615853 transaction@flush created L0@119 N·1 S·126B "las..dex,v169":"las..dex,v169"
03:42:55.615888 version@stat F·[9 1] S·3KiB[1KiB 1KiB] Sc·[2.25 0.00]
03:42:55.616521 transaction@flush created L0@120 N·2 S·301B "56,v170":"las..dex,v171"
03:42:55.616558 version@stat F·[10 1] S·3KiB[2KiB 1KiB] Sc·[2.50 0.00]
03:42:55.617190 transaction@flush created L0@121 N·1 S·126B "las..dex,v172":"las..dex,v172"
03:42:55.617220 version@stat F·[11 1] S·3KiB[2KiB 1KiB] Sc·[2.75 0.00]
03:42:55.617756 transaction@flush created L0@122 N·2 S·301B "57,v173":"las..dex,v174"
03:42:55.617782 version@stat F·[12 1] S·4KiB[2KiB 1KiB] Sc·[3.00 0.00]
03:42:55.618282 transaction@flush created L0@123 N·1 S·126B "las..dex,v175":"las..dex,v175"
03:42:55.618326 version@stat F·[13 1] S·4KiB[2KiB 1KiB] Sc·[3.25 0.00]
03:42:55.618906 transaction@flush created L0@124 N·2 S·301B "58,v176":"las..dex,v177"
03:42:55.618940 version@stat F·[14 1] S·4KiB[2KiB 1KiB] Sc·[3.50 0.00]
03:42:55.619436 transaction@flush created L0@125 N·1 S·126B "las..dex,v178":"las..dex,v178"
03:42:55.619466 version@stat F·[15 1] S·4KiB[3KiB 1KiB] Sc·[3.75 0.00]
03:42:55.620060 transaction@flush created L0@126 N·2 S·301B "59,v179":"las..dex,v180"
03:42:55.620105 version@stat F·[16 1] S·4KiB[3KiB 1KiB] Sc·[4.00 0.00]
03:42:55.620716 transaction@flush created L0@127 N·1 S·126B "las..dex,v181":"las..dex,v181"
03:42:55.620747 version@stat F·[17 1] S·5KiB[3KiB 1KiB] Sc·[4.25 0.00]
03:42:55.621259 transaction@flush created L0@128 N·2 S·301B "60,v182":"las..dex,v183"
03:42:55.621338 version@stat F·[18 1] S·5KiB[3KiB 1KiB] Sc·[4.50 0.00]
03:42:55.621838 transaction@flush created L0@129 N·1 S·126B "las..dex,v184":"las..dex,v184"
03:42:55.621882 version@stat F·[19 1] S·5KiB[3KiB 1KiB] Sc·[4.75 0.00]
03:42:55.622483 transaction@flush created L0@130 N·2 S·301B "61,v185":"las..dex,v186"
03:42:55.622517 version@stat F·[20 1] S·5KiB[4KiB 1KiB] Sc·[5.00 0.00]
03:42:55.623021 transaction@flush created L0@131 N·1 S·126B "las..dex,v187":"las..dex,v187"
03:42:55.623054 version@stat F·[21 1] S·5KiB[4KiB 1KiB] Sc·[5.25 0.00]
03:42:55.623622 transaction@flush created L0@132 N·2 S·301B "62,v188":"las..dex,v189"
03:42:55.623656 version@stat F·[22 1] S·6KiB[4KiB 1KiB] Sc·[5.50 0.00]
03:42:55.624228 transaction@flush created L0@133 N·1 S·126B "las..dex,v190":"las..dex,v190"
03:42:55.624262 version@stat F·[23 1] S·6KiB[4KiB 1KiB] Sc·[5.75 0.00]
03:42:55.624893 transaction@flush created L0@134 N·2 S·301B "63,v191":"las..dex,v192"
03:42:55.624928 version@stat F·[24 1] S·6KiB[5KiB 1KiB] Sc·[6.00 0.00]
03:42:55.625450 transaction@flush created L0@135 N·1 S·126B "las..dex,v193":"las..dex,v193"
03:42:55.625493 version@stat F·[25 1] S·6KiB[5KiB 1KiB] Sc·[6.25 0.00]
03:42:55.626036 transaction@flush created L0@136 N·2 S·301B "64,v194":"las..dex,v195"
03:42:55.626070 version@stat F·[26 1] S·6KiB[5KiB 1KiB] Sc·[6.50 0.00]
03:42:55.626595 transaction@flush created L0@137 N·1 S·126B "las..dex,v196":"las..dex,v196"
03:42:55.626630 version@stat F·[27 1] S·7KiB[5KiB 1KiB] Sc·[6.75 0.00]
03:42:55.627217 transaction@flush created L0@138 N·2 S·301B "65,v197":"las..dex,v198"
03:42:55.627265 version@stat F·[28 1] S·7KiB[5KiB 1KiB] Sc·[7.00 0.00]
03:42:55.627787 transaction@flush created L0@139 N·1 S·126B "las..dex,v199":"las..dex,v199"
03:42:55.627819 version@stat F·[29 1] S·7KiB[5KiB 1KiB] Sc·[7.25 0.00]
03:42:55.628343 transaction@flush created L0@140 N·2 S·301B "66,v200":"las..dex,v201"
03:42:55.628375 version@stat F·[30 1] S·7KiB[6KiB 1KiB] Sc·[7.50 0.00]
03:42:55.628883 transaction@flush created L0@141 N·1 S·126B "las..dex,v202":"las..dex,v202"
03:42:55.628931 version@stat F·[31 1] S·7KiB[6KiB 1KiB] Sc·[7.75 0.00]
03:42:55.629464 transaction@flush created L0@142 N·2 S·301B "67,v203":"las..dex,v204"
03:42:55.629503 version@stat F·[32 1] S·8KiB[6KiB 1KiB] Sc·[8.00 0.00]
03:42:55.630076 transaction@flush created L0@143 N·1 S·126B "las..dex,v205":"las..dex,v205"
03:42:55.630113 version@stat F·[33 1] S·8KiB[6KiB 1KiB] Sc·[8.25 0.00]
03:42:55.630743 transaction@flush created L0@144 N·2 S·301B "68,v206":"las..dex,v207"
03:42:55.630779 version@stat F·[34 1] S·8KiB[7KiB 1KiB] Sc·[8.50 0.00]
03:42:55.631374 transaction@flush created L0@145 N·1 S·126B "las..dex,v208":"las..dex,v208"
03:42:55.631409 version@stat F·[35 1] S·8KiB[7KiB 1KiB] Sc·[8.75 0.00]
03:42:55.631934 transaction@flush created L0@146 N·2 S·301B "69,v209":"las..dex,v210"
03:42:55.631972 version@stat F·[36 1] S·9KiB[7KiB 1KiB] Sc·[9.00 0.00]
03:42:55.632625 transaction@flush created L0@147 N·1 S·126B "las..dex,v211":"las..dex,v211"
03:42:55.632661 version@stat F·[37 1] S·9KiB[7KiB 1KiB] Sc·[9.25 0.00]
03:42:55.633349 transaction@flush created L0@148 N·2 S·301B "70,v212":"las..dex,v213"
03:42:55.633431 version@stat F·[38 1] S·9KiB[7KiB 1KiB] Sc·[9.50 0.00]
03:42:55.633887 transaction@flush created L0@149 N·1 S·126B "las..dex,v214":"las..dex,v214"
03:42:55.633936 version@stat F·[39 1] S·9KiB[8KiB 1KiB] Sc·[9.75 0.00]
03:42:55.634480 transaction@flush created L0@150 N·2 S·301B "71,v215":"las..dex,v216"
03:42:55.634520 version@stat F·[40 1] S·9KiB[8KiB 1KiB] Sc·[10.00 0.00]
03:42:55.635062 transaction@flush created L0@151 N·1 S·126B "las..dex,v217":"las..dex,v217"
03:42:55.635098 version@stat F·[41 1] S·10KiB[8KiB 1KiB] Sc·[10.25 0.00]
03:42:55.635583 transaction@flush created L0@152 N·2 S·301B "72,v218":"las..dex,v219"
03:42:55.635625 version@stat F·[42 1] S·10KiB[8KiB 1KiB] Sc·[10.50 0.00]
03:42:55.636192 transaction@flush created L0@153 N·1 S·126B "las..dex,v220":"las..dex,v220"
03:42:55.636239 version@stat F·[43 1] S·10KiB[8KiB 1KiB] Sc·[10.75 0.00]
03:42:55.636921 transaction@flush created L0@154 N·2 S·301B "73,v221":"las..dex,v222"
03:42:55.637323 table@compaction L0·43 -> L1·1 S·10KiB Q·220
03:42:55.639962 table@build created L1@155 N·74 S·2KiB "0,v2":"las..dex,v220"
03:42:55.661751 version@stat F·[44 1] S·10KiB[9KiB 1KiB] Sc·[11.00 0.00]
03:42:55.662412 transaction@flush created L0@156 N·1 S·126B "las..dex,v223":"las..dex,v223"
03:42:55.662529 version@stat F·[45 1] S·10KiB[9KiB 1KiB] Sc·[11.25 0.00]
03:42:55.663791 transaction@flush created L0@157 N·2 S·301B "74,v224":"las..dex,v225"
03:42:55.663842 version@stat F·[46 1] S·11KiB[9KiB 1KiB] Sc·[11.50 0.00]
03:42:55.664774 transaction@flush created L0@158 N·1 S·126B "las..dex,v226":"las..dex,v226"
03:42:55.664813 version@stat F·[47 1] S·11KiB[9KiB 1KiB] Sc·[11.75 0.00]
03:42:55.665316 transaction@flush created L0@159 N·2 S·301B "75,v227":"las..dex,v228"
03:42:55.665368 version@stat F·[48 1] S·11KiB[10KiB 1KiB] Sc·[12.00 0.00]
03:42:55.666284 transaction@flush created L0@160 N·1 S·126B "las..dex,v229":"las..dex,v229"
03:42:55.666336 version@stat F·[49 1] S·11KiB[10KiB 1KiB] Sc·[12.25 0.00]
03:42:55.666941 transaction@flush created L0@161 N·2 S·301B "76,v230":"las..dex,v231"
03:42:55.666980 version@stat F·[50 1] S·11KiB[10KiB 1KiB] Sc·[12.50 0.00]
03:42:55.668092 transaction@flush created L0@162 N·1 S·126B "las..dex,v232":"las..dex,v232"
03:42:55.668131 version@stat F·[51 1] S·12KiB[10KiB 1KiB] Sc·[12.75 0.00]
03:42:55.668945 transaction@flush created L0@163 N·2 S·301B "77,v233":"las..dex,v234"
03:42:55.669129 version@stat F·[52 1] S·12KiB[10KiB 1KiB] Sc·[13.00 0.00]
03:42:55.669766 transaction@flush created L0@164 N·1 S·126B "las..dex,v235":"las..dex,v235"
03:42:55.669828 version@stat F·[53 1] S·12KiB[10KiB 1KiB] Sc·[13.25 0.00]
03:42:55.670368 transaction@flush created L0@165 N·2 S·301B "78,v236":"las..dex,v237"
03:42:55.670405 version@stat F·[54 1] S·12KiB[11KiB 1KiB] Sc·[13.50 0.00]
03:42:55.672737 transaction@flush created L0@166 N·1 S·126B "las..dex,v238":"las..dex,v238"
03:42:55.730121 version@stat F·[55 1] S·12KiB[11KiB 1KiB] Sc·[13.75 0.00]
03:42:55.733126 version@stat F·[12 1] S·4KiB[2KiB 2KiB] Sc·[3.00 0.00]
03:42:55.737396 transaction@flush created L0@167 N·2 S·301B "79,v239":"las..dex,v240"
03:42:55.739269 table@compaction committed F-43 S-8KiB Ke·0 D·43 T·101.921376ms
03:42:55.743893 table@remove removed @153
03:42:55.743979 table@remove removed @152
03:42:55.744552 table@remove removed @151
03:42:55.744645 table@remove removed @150
03:42:55.744920 table@remove removed @149
03:42:55.745101 table@remove removed @148
03:42:55.745200 table@remove removed @147
03:42:55.745267 table@remove removed @146
03:42:55.745656 table@remove removed @145
03:42:55.745745 table@remove removed @144
03:42:55.748127 table@remove removed @143
03:42:55.748251 table@remove removed @142
03:42:55.748749 table@remove removed @141
03:42:55.748850 table@remove removed @140
03:42:55.748951 table@remove removed @139
03:42:55.749506 table@remove removed @138
03:42:55.771536 table@remove removed @137
03:42:55.771726 table@remove removed @136
03:42:55.771906 table@remove removed @135
03:42:55.772041 table@remove removed @134
03:42:55.772132 table@remove removed @133
03:42:55.772213 table@remove removed @132
03:42:55.772814 table@remove removed @131
03:42:55.772937 table@remove removed @130
03:42:55.773032 table@remove removed @129
03:42:55.773126 table@remove removed @128
03:42:55.773220 table@remove removed @127
03:42:55.773312 table@remove removed @126
03:42:55.773482 table@remove removed @125
03:42:55.773577 table@remove removed @124
03:42:55.773671 table@remove removed @123
03:42:55.773772 table@remove removed @122
03:42:55.773896 table@remove removed @121
03:42:55.773969 table@remove removed @120
03:42:55.774045 table@remove removed @119
03:42:55.774133 table@remove removed @118
03:42:55.774237 table@remove removed @117
03:42:55.774439 table@remove removed @116
03:42:55.774574 table@remove removed @115
03:42:55.774655 table@remove removed @114
03:42:55.774726 table@remove removed @113
03:42:55.774838 table@remove removed @112
03:42:55.774985 table@remove removed @110
03:42:55.775182 table@remove removed @111
03:42:55.775311 table@compaction L0·12 -> L1·1 S·4KiB Q·238
03:42:55.775394 version@stat F·[13 1] S·4KiB[2KiB 2KiB] Sc·[3.25 0.00]
03:42:55.776445 transaction@flush created L0@169 N·1 S·126B "las..dex,v241":"las..dex,v241"
03:42:55.776505 version@stat F·[14 1] S·5KiB[2KiB 2KiB] Sc·[3.50 0.00]
03:42:55.776650 table@build created L1@168 N·80 S·2KiB "0,v2":"las..dex,v238"
03:42:55.776721 version@stat F·[2 1] S·2KiB[427B 2KiB] Sc·[0.50 0.00]
03:42:55.777109 transaction@flush created L0@170 N·2 S·301B "80,v242":"las..dex,v243"
03:42:55.777197 table@compaction committed F-12 S-2KiB Ke·0 D·12 T·1.856232ms
03:42:55.777502 table@remove removed @166
03:42:55.777639 table@remove removed @165
03:42:55.777975 table@remove removed @164
03:42:55.778301 table@remove removed @163
03:42:55.778433 table@remove removed @162
03:42:55.778623 table@remove removed @161
03:42:55.779210 table@remove removed @160
03:42:55.779338 table@remove removed @159
03:42:55.779617 table@remove removed @158
03:42:55.779829 table@remove removed @157
03:42:55.780862 table@remove removed @156
03:42:55.781034 table@remove removed @154
03:42:55.781546 table@remove removed @155
03:42:55.781607 version@stat F·[3 1] S·2KiB[728B 2KiB] Sc·[0.75 0.00]
03:42:55.796704 transaction@flush created L0@171 N·1 S·126B "las..dex,v244":"las..dex,v244"
03:42:55.796744 version@stat F·[4 1] S·3KiB[854B 2KiB] Sc·[1.00 0.00]
03:42:55.797510 table@compaction L0·4 -> L1·1 S·3KiB Q·244
03:42:55.798231 transaction@flush created L0@172 N·2 S·301B "81,v245":"las..dex,v246"
03:42:55.798266 version@stat F·[5 1] S·3KiB[1KiB 2KiB] Sc·[1.25 0.00]
03:42:55.798532 table@build created L1@173 N·82 S·2KiB "0,v2":"las..dex,v244"
03:42:55.798893 version@stat F·[1 1] S·2KiB[301B 2KiB] Sc·[0.25 0.00]
03:42:55.799514 table@compaction committed F-4 S-819B Ke·0 D·4 T·1.800702ms
03:42:55.799612 table@remove removed @171
03:42:55.799684 table@remove removed @170
03:42:55.799787 table@remove removed @169
03:42:55.799904 table@remove removed @167
03:42:55.800011 table@remove removed @168
03:42:55.800092 transaction@flush created L0@174 N·1 S·126B "las..dex,v247":"las..dex,v247"
03:42:55.800121 version@stat F·[2 1] S·2KiB[427B 2KiB] Sc·[0.50 0.00]
03:42:55.800755 transaction@flush created L0@175 N·2 S·301B "82,v248":"las..dex,v249"
03:42:55.800849 version@stat F·[3 1] S·2KiB[728B 2KiB] Sc·[0.75 0.00]
03:42:55.802640 transaction@flush created L0@176 N·1 S·126B "las..dex,v250":"las..dex,v250"
03:42:55.802672 version@stat F·[4 1] S·3KiB[854B 2KiB] Sc·[1.00 0.00]
03:42:55.803266 transaction@flush created L0@177 N·2 S·301B "83,v251":"las..dex,v252"
03:42:55.803297 version@stat F·[5 1] S·3KiB[1KiB 2KiB] Sc·[1.25 0.00]
03:42:55.804017 transaction@flush created L0@178 N·1 S·126B "las..dex,v253":"las..dex,v253"
03:42:55.804047 version@stat F·[6 1] S·3KiB[1KiB 2KiB] Sc·[1.50 0.00]
03:42:55.804573 transaction@flush created L0@179 N·2 S·301B "84,v254":"las..dex,v255"
03:42:55.804617 version@stat F·[7 1] S·3KiB[1KiB 2KiB] Sc·[1.75 0.00]
03:42:55.805122 transaction@flush created L0@180 N·1 S·126B "las..dex,v256":"las..dex,v256"
03:42:55.805154 version@stat F·[8 1] S·3KiB[1KiB 2KiB] Sc·[2.00 0.00]
03:42:55.806010 transaction@flush created L0@181 N·2 S·302B "85,v257":"las..dex,v258"
03:42:55.806043 version@stat F·[9 1] S·4KiB[1KiB 2KiB] Sc·[2.25 0.00]
03:42:55.806188 table@compaction L0·8 -> L1·1 S·3KiB Q·258
03:42:55.807248 table@build created L1@183 N·86 S·2KiB "0,v2":"las..dex,v256"
03:42:55.807296 version@stat F·[1 1] S·2KiB[302B 2KiB] Sc·[0.25 0.00]
03:42:55.807669 table@compaction committed F-8 S-1KiB Ke·0 D·8 T·1.445627ms
03:42:55.807772 table@remove removed @180
03:42:55.807963 table@remove removed @179
03:42:55.808208 table@remove removed @178
03:42:55.808382 table@remove removed @177
03:42:55.808545 table@remove removed @176
03:42:55.808654 table@remove removed @175
03:42:55.808980 table@remove removed @174
03:42:55.810172 table@remove removed @172
03:42:55.813938 table@remove removed @173
03:42:55.825358 transaction@flush created L0@182 N·1 S·126B "las..dex,v259":"las..dex,v259"
03:42:55.825395 version@stat F·[2 1] S·2KiB[428B 2KiB] Sc·[0.50 0.00]
03:42:55.831233 transaction@flush created L0@184 N·2 S·302B "86,v260":"las..dex,v261"
03:42:55.831531 version@stat F·[3 1] S·3KiB[730B 2KiB] Sc·[0.75 0.00]
03:42:55.833743 transaction@flush created L0@185 N·1 S·126B "las..dex,v262":"las..dex,v262"
03:42:55.835364 version@stat F·[4 1] S·3KiB[856B 2KiB] Sc·[1.00 0.00]
03:42:55.835901 table@compaction L0·4 -> L1·1 S·3KiB Q·262
03:42:55.836481 transaction@flush created L0@186 N·2 S·302B "87,v263":"las..dex,v264"
03:42:55.836515 version@stat F·[5 1] S·3KiB[1KiB 2KiB] Sc·[1.25 0.00]
03:42:55.836654 table@build created L1@187 N·88 S·2KiB "0,v2":"las..dex,v262"
03:42:55.837189 transaction@flush created L0@188 N·1 S·126B "las..dex,v265":"las..dex,v265"
03:42:55.836704 version@stat F·[1 1] S·2KiB[302B 2KiB] Sc·[0.25 0.00]
03:42:55.837390 table@compaction committed F-4 S-822B Ke·0 D·4 T·1.462605ms
03:42:55.837606 table@remove removed @185
03:42:55.837873 table@remove removed @184
03:42:55.838105 table@remove removed @182
03:42:55.838181 table@remove removed @181
03:42:55.839171 table@remove removed @183
03:42:55.840858 version@stat F·[2 1] S·2KiB[428B 2KiB] Sc·[0.50 0.00]
03:42:55.867085 transaction@flush created L0@189 N·2 S·302B "88,v266":"las..dex,v267"
03:42:55.867122 version@stat F·[3 1] S·3KiB[730B 2KiB] Sc·[0.75 0.00]
03:42:55.871880 transaction@flush created L0@190 N·1 S·126B "las..dex,v268":"las..dex,v268"
03:42:55.871931 version@stat F·[4 1] S·3KiB[856B 2KiB] Sc·[1.00 0.00]
03:42:55.872401 table@compaction L0·4 -> L1·1 S·3KiB Q·268
03:42:55.872977 transaction@flush created L0@191 N·2 S·302B "89,v269":"las..dex,v270"
03:42:55.873015 version@stat F·[5 1] S·3KiB[1KiB 2KiB] Sc·[1.25 0.00]
03:42:55.879798 transaction@flush created L0@192 N·1 S·126B "las..dex,v271":"las..dex,v271"
03:42:55.879808 table@build created L1@193 N·90 S·2KiB "0,v2":"las..dex,v268"
03:42:55.879839 version@stat F·[6 1] S·3KiB[1KiB 2KiB] Sc·[1.50 0.00]
03:42:55.880551 transaction@flush created L0@194 N·2 S·302B "90,v272":"las..dex,v273"
03:42:55.880592 version@stat F·[2 1] S·2KiB[428B 2KiB] Sc·[0.50 0.00]
03:42:55.880780 table@compaction committed F-4 S-822B Ke·0 D·4 T·7.82134ms
03:42:55.880886 table@remove removed @190
03:42:55.880975 table@remove removed @189
03:42:55.881037 table@remove removed @188
03:42:55.881123 table@remove removed @186
03:42:55.881198 table@remove removed @187
03:42:55.881241 version@stat F·[3 1] S·3KiB[730B 2KiB] Sc·[0.75 0.00]
03:42:55.882006 transaction@flush created L0@195 N·1 S·126B "las..dex,v274":"las..dex,v274"
03:42:55.882045 version@stat F·[4 1] S·3KiB[856B 2KiB] Sc·[1.00 0.00]
03:42:55.882790 transaction@flush created L0@196 N·2 S·302B "91,v275":"las..dex,v276"
03:42:55.882833 version@stat F·[5 1] S·3KiB[1KiB 2KiB] Sc·[1.25 0.00]
03:42:55.883560 transaction@flush created L0@197 N·1 S·126B "las..dex,v277":"las..dex,v277"
