=============== May 1, 2016 (IST) ===============
03:42:54.480749 log@legend F·NumFile S·FileSize N·Entry C·BadEntry B·BadBlock Ke·KeyError D·DroppedEntry L·Level Q·SeqNum T·TimeElapsed
03:42:54.481066 db@open opening
03:42:54.483823 version@stat F·[] S·0B[] Sc·[]
03:42:54.484235 db@janitor F·2 G·0
03:42:54.484285 db@open done T·3.205421ms
03:42:55.510624 transaction@flush created L0@2 N·1 S·126B "las..dex,v1":"las..dex,v1"
03:42:55.510677 version@stat F·[1] S·126B[126B] Sc·[0.25]
03:42:55.512311 transaction@flush created L0@3 N·2 S·298B "0,v2":"las..dex,v3"
03:42:55.512351 version@stat F·[2] S·424B[424B] Sc·[0.50]
03:42:55.512910 transaction@flush created L0@4 N·1 S·125B "las..dex,v4":"las..dex,v4"
03:42:55.512945 version@stat F·[3] S·549B[549B] Sc·[0.75]
03:42:55.513562 transaction@flush created L0@5 N·2 S·298B "1,v5":"las..dex,v6"
03:42:55.513587 version@stat F·[4] S·847B[847B] Sc·[1.00]
03:42:55.514174 transaction@flush created L0@6 N·1 S·125B "las..dex,v7":"las..dex,v7"
03:42:55.514200 version@stat F·[5] S·972B[972B] Sc·[1.25]
03:42:55.514848 transaction@flush created L0@7 N·2 S·298B "2,v8":"las..dex,v9"
03:42:55.514902 version@stat F·[6] S·1KiB[1KiB] Sc·[1.50]
03:42:55.515411 transaction@flush created L0@8 N·1 S·125B "las..dex,v10":"las..dex,v10"
03:42:55.515438 version@stat F·[7] S·1KiB[1KiB] Sc·[1.75]
03:42:55.516103 transaction@flush created L0@9 N·2 S·298B "3,v11":"las..dex,v12"
03:42:55.516134 version@stat F·[8] S·1KiB[1KiB] Sc·[2.00]
03:42:55.516766 transaction@flush created L0@10 N·1 S·125B "las..dex,v13":"las..dex,v13"
03:42:55.516803 version@stat F·[9] S·1KiB[1KiB] Sc·[2.25]
03:42:55.517356 transaction@flush created L0@11 N·2 S·298B "4,v14":"las..dex,v15"
03:42:55.517383 version@stat F·[10] S·2KiB[2KiB] Sc·[2.50]
03:42:55.517852 transaction@flush created L0@12 N·1 S·125B "las..dex,v16":"las..dex,v16"
03:42:55.517879 version@stat F·[11] S·2KiB[2KiB] Sc·[2.75]
03:42:55.518603 transaction@flush created L0@13 N·2 S·298B "5,v17":"las..dex,v18"
03:42:55.518629 version@stat F·[12] S·2KiB[2KiB] Sc·[3.00]
03:42:55.519156 transaction@flush created L0@14 N·1 S·125B "las..dex,v19":"las..dex,v19"
03:42:55.519183 version@stat F·[13] S·2KiB[2KiB] Sc·[3.25]
03:42:55.519835 transaction@flush created L0@15 N·2 S·298B "6,v20":"las..dex,v21"
03:42:55.519862 version@stat F·[14] S·2KiB[2KiB] Sc·[3.50]
03:42:55.520189 table@compaction L0·14 -> L1·0 S·2KiB Q·21
03:42:55.521391 table@build created L1@16 N·8 S·412B "0,v2":"las..dex,v21"
03:42:55.521465 version@stat F·[0 1] S·412B[0B 412B] Sc·[0.00 0.00]
03:42:55.521685 table@compaction committed F-13 S-2KiB Ke·0 D·13 T·1.440296ms
03:42:55.521815 table@remove removed @15
03:42:55.521925 table@remove removed @14
03:42:55.522020 table@remove removed @13
03:42:55.522128 table@remove removed @12
03:42:55.522197 table@remove removed @11
03:42:55.522314 table@remove removed @10
03:42:55.522384 table@remove removed @9
03:42:55.522627 table@remove removed @8
03:42:55.522700 table@remove removed @7
03:42:55.522791 table@remove removed @6
03:42:55.522885 table@remove removed @5
03:42:55.522967 table@remove removed @4
03:42:55.523076 table@remove removed @3
03:42:55.523149 table@remove removed @2
03:42:55.535738 transaction@flush created L0@17 N·1 S·125B "las..dex,v22":"las..dex,v22"
03:42:55.535781 version@stat F·[1 1] S·537B[125B 412B] Sc·[0.25 0.00]
03:42:55.536338 transaction@flush created L0@18 N·2 S·298B "7,v23":"las..dex,v24"
03:42:55.536369 version@stat F·[2 1] S·835B[423B 412B] Sc·[0.50 0.00]
03:42:55.536891 transaction@flush created L0@19 N·1 S·125B "las..dex,v25":"las..dex,v25"
03:42:55.536930 version@stat F·[3 1] S·960B[548B 412B] Sc·[0.75 0.00]
03:42:55.537591 transaction@flush created L0@20 N·2 S·298B "8,v26":"las..dex,v27"
03:42:55.537623 version@stat F·[4 1] S·1KiB[846B 412B] Sc·[1.00 0.00]
03:42:55.538401 transaction@flush created L0@21 N·1 S·125B "las..dex,v28":"las..dex,v28"
03:42:55.538434 version@stat F·[5 1] S·1KiB[971B 412B] Sc·[1.25 0.00]
03:42:55.538973 transaction@flush created L0@22 N·2 S·299B "9,v29":"las..dex,v30"
03:42:55.539028 version@stat F·[6 1] S·1KiB[1KiB 412B] Sc·[1.50 0.00]
03:42:55.539571 table@compaction L0·6 -> L1·1 S·1KiB Q·30
03:42:55.540452 table@build created L1@24 N·11 S·477B "0,v2":"las..dex,v30"
03:42:55.540500 version@stat F·[0 1] S·477B[0B 477B] Sc·[0.00 0.00]
03:42:55.540672 table@compaction committed F-6 S-1KiB Ke·0 D·6 T·1.056346ms
03:42:55.540748 table@remove removed @22
03:42:55.540836 table@remove removed @21
03:42:55.540992 table@remove removed @20
03:42:55.541089 table@remove removed @19
03:42:55.541161 table@remove removed @18
03:42:55.541285 table@remove removed @17
03:42:55.541383 table@remove removed @16
03:42:55.539636 transaction@flush created L0@23 N·1 S·125B "las..dex,v31":"las..dex,v31"
03:42:55.541425 version@stat F·[1 1] S·602B[125B 477B] Sc·[0.25 0.00]
03:42:55.542102 transaction@flush created L0@25 N·2 S·301B "10,v32":"las..dex,v33"
03:42:55.542146 version@stat F·[2 1] S·903B[426B 477B] Sc·[0.50 0.00]
03:42:55.543131 transaction@flush created L0@26 N·1 S·126B "las..dex,v34":"las..dex,v34"
03:42:55.543181 version@stat F·[3 1] S·1KiB[552B 477B] Sc·[0.75 0.00]
03:42:55.543844 transaction@flush created L0@27 N·2 S·301B "11,v35":"las..dex,v36"
03:42:55.543876 version@stat F·[4 1] S·1KiB[853B 477B] Sc·[1.00 0.00]
03:42:55.544342 transaction@flush created L0@28 N·1 S·126B "las..dex,v37":"las..dex,v37"
03:42:55.544378 version@stat F·[5 1] S·1KiB[979B 477B] Sc·[1.25 0.00]
03:42:55.544854 transaction@flush created L0@29 N·2 S·301B "12,v38":"las..dex,v39"
03:42:55.544885 version@stat F·[6 1] S·1KiB[1KiB 477B] Sc·[1.50 0.00]
03:42:55.545399 transaction@flush created L0@30 N·1 S·126B "las..dex,v40":"las..dex,v40"
03:42:55.545429 version@stat F·[7 1] S·1KiB[1KiB 477B] Sc·[1.75 0.00]
03:42:55.545912 transaction@flush created L0@31 N·2 S·301B "13,v41":"las..dex,v42"
03:42:55.545942 version@stat F·[8 1] S·2KiB[1KiB 477B] Sc·[2.00 0.00]
03:42:55.546484 transaction@flush created L0@32 N·1 S·126B "las..dex,v43":"las..dex,v43"
03:42:55.546516 version@stat F·[9 1] S·2KiB[1KiB 477B] Sc·[2.25 0.00]
03:42:55.547059 transaction@flush created L0@33 N·2 S·301B "14,v44":"las..dex,v45"
03:42:55.547093 version@stat F·[10 1] S·2KiB[2KiB 477B] Sc·[2.50 0.00]
03:42:55.547411 table@compaction L0·10 -> L1·1 S·2KiB Q·45
03:42:55.548482 table@build created L1@34 N·16 S·569B "0,v2":"las..dex,v45"
03:42:55.548543 version@stat F·[0 1] S·569B[0B 569B] Sc·[0.00 0.00]
03:42:55.548761 table@compaction committed F-10 S-1KiB Ke·0 D·10 T·1.321344ms
03:42:55.548863 table@remove removed @33
03:42:55.548938 table@remove removed @32
03:42:55.549005 table@remove removed @31
03:42:55.549110 table@remove removed @30
03:42:55.549177 table@remove removed @29
03:42:55.549266 table@remove removed @28
03:42:55.549360 table@remove removed @27
03:42:55.549444 table@remove removed @26
03:42:55.549529 table@remove removed @25
03:42:55.549622 table@remove removed @23
03:42:55.549696 table@remove removed @24
03:42:55.559457 transaction@flush created L0@35 N·1 S·126B "las..dex,v46":"las..dex,v46"
03:42:55.559535 version@stat F·[1 1] S·695B[126B 569B] Sc·[0.25 0.00]
03:42:55.560221 transaction@flush created L0@36 N·2 S·301B "15,v47":"las..dex,v48"
03:42:55.560252 version@stat F·[2 1] S·996B[427B 569B] Sc·[0.50 0.00]
03:42:55.561045 transaction@flush created L0@37 N·1 S·126B "las..dex,v49":"las..dex,v49"
03:42:55.561081 version@stat F·[3 1] S·1KiB[553B 569B] Sc·[0.75 0.00]
03:42:55.561843 transaction@flush created L0@38 N·2 S·301B "16,v50":"las..dex,v51"
03:42:55.561923 version@stat F·[4 1] S·1KiB[854B 569B] Sc·[1.00 0.00]
03:42:55.562593 transaction@flush created L0@39 N·1 S·126B "las..dex,v52":"las..dex,v52"
03:42:55.562621 version@stat F·[5 1] S·1KiB[980B 569B] Sc·[1.25 0.00]
03:42:55.563168 transaction@flush created L0@40 N·2 S·301B "17,v53":"las..dex,v54"
03:42:55.563200 version@stat F·[6 1] S·1KiB[1KiB 569B] Sc·[1.50 0.00]
03:42:55.563652 transaction@flush created L0@41 N·1 S·126B "las..dex,v55":"las..dex,v55"
03:42:55.563769 version@stat F·[7 1] S·1KiB[1KiB 569B] Sc·[1.75 0.00]
03:42:55.564261 transaction@flush created L0@42 N·2 S·301B "18,v56":"las..dex,v57"
03:42:55.564295 version@stat F·[8 1] S·2KiB[1KiB 569B] Sc·[2.00 0.00]
03:42:55.564807 transaction@flush created L0@43 N·1 S·126B "las..dex,v58":"las..dex,v58"
03:42:55.564839 version@stat F·[9 1] S·2KiB[1KiB 569B] Sc·[2.25 0.00]
03:42:55.565432 transaction@flush created L0@44 N·2 S·301B "19,v59":"las..dex,v60"
03:42:55.565462 version@stat F·[10 1] S·2KiB[2KiB 569B] Sc·[2.50 0.00]
03:42:55.566008 transaction@flush created L0@45 N·1 S·126B "las..dex,v61":"las..dex,v61"
03:42:55.566047 version@stat F·[11 1] S·2KiB[2KiB 569B] Sc·[2.75 0.00]
03:42:55.566631 transaction@flush created L0@46 N·2 S·301B "20,v62":"las..dex,v63"
03:42:55.566669 version@stat F·[12 1] S·3KiB[2KiB 569B] Sc·[3.00 0.00]
03:42:55.567142 transaction@flush created L0@47 N·1 S·126B "las..dex,v64":"las..dex,v64"
03:42:55.567188 version@stat F·[13 1] S·3KiB[2KiB 569B] Sc·[3.25 0.00]
03:42:55.567813 transaction@flush created L0@48 N·2 S·301B "21,v65":"las..dex,v66"
03:42:55.567846 version@stat F·[14 1] S·3KiB[2KiB 569B] Sc·[3.50 0.00]
03:42:55.568523 transaction@flush created L0@49 N·1 S·126B "las..dex,v67":"las..dex,v67"
03:42:55.568569 version@stat F·[15 1] S·3KiB[3KiB 569B] Sc·[3.75 0.00]
03:42:55.569141 transaction@flush created L0@50 N·2 S·301B "22,v68":"las..dex,v69"
03:42:55.569170 version@stat F·[16 1] S·3KiB[3KiB 569B] Sc·[4.00 0.00]
03:42:55.569717 transaction@flush created L0@51 N·1 S·126B "las..dex,v70":"las..dex,v70"
03:42:55.569751 version@stat F·[17 1] S·4KiB[3KiB 569B] Sc·[4.25 0.00]
03:42:55.570353 transaction@flush created L0@52 N·2 S·301B "23,v71":"las..dex,v72"
03:42:55.570384 version@stat F·[18 1] S·4KiB[3KiB 569B] Sc·[4.50 0.00]
03:42:55.570869 transaction@flush created L0@53 N·1 S·126B "las..dex,v73":"las..dex,v73"
03:42:55.570902 version@stat F·[19 1] S·4KiB[3KiB 569B] Sc·[4.75 0.00]
03:42:55.571557 transaction@flush created L0@54 N·2 S·301B "24,v74":"las..dex,v75"
03:42:55.571591 version@stat F·[20 1] S·4KiB[4KiB 569B] Sc·[5.00 0.00]
03:42:55.572207 transaction@flush created L0@55 N·1 S·126B "las..dex,v76":"las..dex,v76"
03:42:55.572239 version@stat F·[21 1] S·4KiB[4KiB 569B] Sc·[5.25 0.00]
03:42:55.572808 transaction@flush created L0@56 N·2 S·301B "25,v77":"las..dex,v78"
03:42:55.572841 version@stat F·[22 1] S·5KiB[4KiB 569B] Sc·[5.50 0.00]
03:42:55.573348 transaction@flush created L0@57 N·1 S·126B "las..dex,v79":"las..dex,v79"
03:42:55.573400 version@stat F·[23 1] S·5KiB[4KiB 569B] Sc·[5.75 0.00]
03:42:55.574018 transaction@flush created L0@58 N·2 S·301B "26,v80":"las..dex,v81"
03:42:55.574053 version@stat F·[24 1] S·5KiB[5KiB 569B] Sc·[6.00 0.00]
03:42:55.574682 transaction@flush created L0@59 N·1 S·126B "las..dex,v82":"las..dex,v82"
03:42:55.574715 version@stat F·[25 1] S·5KiB[5KiB 569B] Sc·[6.25 0.00]
03:42:55.575250 transaction@flush created L0@60 N·2 S·301B "27,v83":"las..dex,v84"
03:42:55.575285 version@stat F·[26 1] S·5KiB[5KiB 569B] Sc·[6.50 0.00]
03:42:55.576128 transaction@flush created L0@61 N·1 S·126B "las..dex,v85":"las..dex,v85"
03:42:55.576163 version@stat F·[27 1] S·6KiB[5KiB 569B] Sc·[6.75 0.00]
03:42:55.576744 transaction@flush created L0@62 N·2 S·301B "28,v86":"las..dex,v87"
03:42:55.576784 version@stat F·[28 1] S·6KiB[5KiB 569B] Sc·[7.00 0.00]
03:42:55.577441 transaction@flush created L0@63 N·1 S·126B "las..dex,v88":"las..dex,v88"
03:42:55.577476 version@stat F·[29 1] S·6KiB[5KiB 569B] Sc·[7.25 0.00]
03:42:55.578075 transaction@flush created L0@64 N·2 S·301B "29,v89":"las..dex,v90"
03:42:55.578119 version@stat F·[30 1] S·6KiB[6KiB 569B] Sc·[7.50 0.00]
03:42:55.578712 transaction@flush created L0@65 N·1 S·126B "las..dex,v91":"las..dex,v91"
03:42:55.578748 version@stat F·[31 1] S·6KiB[6KiB 569B] Sc·[7.75 0.00]
03:42:55.581129 transaction@flush created L0@66 N·2 S·301B "30,v92":"las..dex,v93"
03:42:55.581169 version@stat F·[32 1] S·7KiB[6KiB 569B] Sc·[8.00 0.00]
03:42:55.581764 transaction@flush created L0@67 N·1 S·126B "las..dex,v94":"las..dex,v94"
03:42:55.581800 version@stat F·[33 1] S·7KiB[6KiB 569B] Sc·[8.25 0.00]
03:42:55.582449 transaction@flush created L0@68 N·2 S·301B "31,v95":"las..dex,v96"
03:42:55.582485 version@stat F·[34 1] S·7KiB[7KiB 569B] Sc·[8.50 0.00]
03:42:55.582802 table@compaction L0·34 -> L1·1 S·7KiB Q·96
03:42:55.584941 table@build created L1@69 N·33 S·1KiB "0,v2":"las..dex,v96"
03:42:55.585015 version@stat F·[0 1] S·1KiB[0B 1KiB] Sc·[0.00 0.00]
03:42:55.585232 table@compaction committed F-34 S-6KiB Ke·0 D·34 T·2.390866ms
03:42:55.585350 table@remove removed @68
03:42:55.585519 table@remove removed @67
03:42:55.585618 table@remove removed @66
03:42:55.585707 table@remove removed @65
03:42:55.585803 table@remove removed @64
03:42:55.585916 table@remove removed @63
03:42:55.586118 table@remove removed @62
03:42:55.586221 table@remove removed @61
03:42:55.586333 table@remove removed @60
03:42:55.586435 table@remove removed @59
03:42:55.586516 table@remove removed @58
03:42:55.586673 table@remove removed @57
03:42:55.586760 table@remove removed @56
03:42:55.586878 table@remove removed @55
03:42:55.586996 table@remove removed @54
03:42:55.587078 table@remove removed @53
03:42:55.587236 table@remove removed @52
03:42:55.587420 table@remove removed @51
03:42:55.587531 table@remove removed @50
03:42:55.587600 table@remove removed @49
03:42:55.587678 table@remove removed @48
03:42:55.587765 table@remove removed @47
03:42:55.587873 table@remove removed @46
03:42:55.587950 table@remove removed @45
03:42:55.588013 table@remove removed @44
03:42:55.588119 table@remove removed @43
03:42:55.588189 table@remove removed @42
03:42:55.588255 table@remove removed @41
03:42:55.588325 table@remove removed @40
03:42:55.588396 table@remove removed @39
03:42:55.588515 table@remove removed @38
03:42:55.588581 table@remove removed @37
03:42:55.588714 table@remove removed @36
03:42:55.588904 table@remove removed @35
03:42:55.589071 table@remove removed @34
03:42:55.594302 transaction@flush created L0@70 N·1 S·126B "las..dex,v97":"las..dex,v97"
03:42:55.594332 version@stat F·[1 1] S·1KiB[126B 1KiB] Sc·[0.25 0.00]
03:42:55.595034 transaction@flush created L0@71 N·2 S·301B "32,v98":"las..dex,v99"
03:42:55.595096 version@stat F·[2 1] S·1KiB[427B 1KiB] Sc·[0.50 0.00]
03:42:55.595807 transaction@flush created L0@72 N·1 S·126B "las..dex,v100":"las..dex,v100"
03:42:55.595851 version@stat F·[3 1] S·1KiB[553B 1KiB] Sc·[0.75 0.00]
03:42:55.596586 transaction@flush created L0@73 N·2 S·301B "33,v101":"las..dex,v102"
03:42:55.596616 version@stat F·[4 1] S·1KiB[854B 1KiB] Sc·[1.00 0.00]
03:42:55.597136 transaction@flush created L0@74 N·1 S·126B "las..dex,v103":"las..dex,v103"
03:42:55.597165 version@stat F·[5 1] S·2KiB[980B 1KiB] Sc·[1.25 0.00]
03:42:55.597770 transaction@flush created L0@75 N·2 S·301B "34,v104":"las..dex,v105"
03:42:55.597800 version@stat F·[6 1] S·2KiB[1KiB 1KiB] Sc·[1.50 0.00]
03:42:55.598325 transaction@flush created L0@76 N·1 S·126B "las..dex,v106":"las..dex,v106"
03:42:55.598363 version@stat F·[7 1] S·2KiB[1KiB 1KiB] Sc·[1.75 0.00]
03:42:55.598894 transaction@flush created L0@77 N·2 S·301B "35,v107":"las..dex,v108"
03:42:55.598925 version@stat F·[8 1] S·2KiB[1KiB 1KiB] Sc·[2.00 0.00]
03:42:55.599617 transaction@flush created L0@78 N·1 S·126B "las..dex,v109":"las..dex,v109"
03:42:55.599651 version@stat F·[9 1] S·2KiB[1KiB 1KiB] Sc·[2.25 0.00]
03:42:55.600295 transaction@flush created L0@79 N·2 S·301B "36,v110":"las..dex,v111"
03:42:55.600337 version@stat F·[10 1] S·3KiB[2KiB 1KiB] Sc·[2.50 0.00]
03:42:55.603497 transaction@flush created L0@80 N·1 S·126B "las..dex,v112":"las..dex,v112"
03:42:55.603572 version@stat F·[11 1] S·3KiB[2KiB 1KiB] Sc·[2.75 0.00]
03:42:55.604211 transaction@flush created L0@81 N·2 S·301B "37,v113":"las..dex,v114"
03:42:55.604244 version@stat F·[12 1] S·3KiB[2KiB 1KiB] Sc·[3.00 0.00]
03:42:55.606120 table@compaction L0·12 -> L1·1 S·3KiB Q·114
03:42:55.607238 table@build created L1@82 N·39 S·1KiB "0,v2":"las..dex,v114"
03:42:55.607302 version@stat F·[0 1] S·1KiB[0B 1KiB] Sc·[0.00 0.00]
03:42:55.607509 table@compaction committed F-12 S-2KiB Ke·0 D·12 T·1.346303ms
03:42:55.607617 table@remove removed @81
03:42:55.607690 table@remove removed @80
03:42:55.610157 table@remove removed @79
03:42:55.610255 table@remove removed @78
03:42:55.610508 table@remove removed @77
03:42:55.610609 table@remove removed @76
03:42:55.610704 table@remove removed @75
03:42:55.610862 table@remove removed @74
03:42:55.610959 table@remove removed @73
03:42:55.611053 table@remove removed @72
03:42:55.611146 table@remove removed @71
03:42:55.611393 table@remove removed @70
03:42:55.611529 table@remove removed @69
03:42:55.613980 transaction@flush created L0@83 N·1 S·126B "las..dex,v115":"las..dex,v115"
03:42:55.614023 version@stat F·[1 1] S·1KiB[126B 1KiB] Sc·[0.25 0.00]
03:42:55.614919 transaction@flush created L0@84 N·2 S·301B "38,v116":"las..dex,v117"
03:42:55.614952 version@stat F·[2 1] S·1KiB[427B 1KiB] Sc·[0.50 0.00]
03:42:55.615705 transaction@flush created L0@85 N·1 S·126B "las..dex,v118":"las..dex,v118"
03:42:55.615739 version@stat F·[3 1] S·1KiB[553B 1KiB] Sc·[0.75 0.00]
03:42:55.616331 transaction@flush created L0@86 N·2 S·301B "39,v119":"las..dex,v120"
03:42:55.616360 version@stat F·[4 1] S·1KiB[854B 1KiB] Sc·[1.00 0.00]
03:42:55.617057 transaction@flush created L0@87 N·1 S·126B "las..dex,v121":"las..dex,v121"
03:42:55.617088 version@stat F·[5 1] S·2KiB[980B 1KiB] Sc·[1.25 0.00]
03:42:55.617661 transaction@flush created L0@88 N·2 S·301B "40,v122":"las..dex,v123"
03:42:55.617701 version@stat F·[6 1] S·2KiB[1KiB 1KiB] Sc·[1.50 0.00]
03:42:55.618481 transaction@flush created L0@89 N·1 S·126B "las..dex,v124":"las..dex,v124"
03:42:55.618513 version@stat F·[7 1] S·2KiB[1KiB 1KiB] Sc·[1.75 0.00]
03:42:55.618990 transaction@flush created L0@90 N·2 S·301B "41,v125":"las..dex,v126"
03:42:55.619021 version@stat F·[8 1] S·2KiB[1KiB 1KiB] Sc·[2.00 0.00]
03:42:55.619698 transaction@flush created L0@91 N·1 S·126B "las..dex,v127":"las..dex,v127"
03:42:55.619970 version@stat F·[9 1] S·2KiB[1KiB 1KiB] Sc·[2.25 0.00]
03:42:55.620585 transaction@flush created L0@92 N·2 S·301B "42,v128":"las..dex,v129"
03:42:55.620617 version@stat F·[10 1] S·3KiB[2KiB 1KiB] Sc·[2.50 0.00]
03:42:55.621430 transaction@flush created L0@93 N·1 S·126B "las..dex,v130":"las..dex,v130"
03:42:55.621476 version@stat F·[11 1] S·3KiB[2KiB 1KiB] Sc·[2.75 0.00]
03:42:55.622025 transaction@flush created L0@94 N·2 S·301B "43,v131":"las..dex,v132"
03:42:55.622067 version@stat F·[12 1] S·3KiB[2KiB 1KiB] Sc·[3.00 0.00]
03:42:55.622734 transaction@flush created L0@95 N·1 S·126B "las..dex,v133":"las..dex,v133"
03:42:55.622778 version@stat F·[13 1] S·3KiB[2KiB 1KiB] Sc·[3.25 0.00]
03:42:55.623523 transaction@flush created L0@96 N·2 S·301B "44,v134":"las..dex,v135"
03:42:55.623617 version@stat F·[14 1] S·4KiB[2KiB 1KiB] Sc·[3.50 0.00]
03:42:55.624739 transaction@flush created L0@97 N·1 S·126B "las..dex,v136":"las..dex,v136"
03:42:55.624816 version@stat F·[15 1] S·4KiB[3KiB 1KiB] Sc·[3.75 0.00]
03:42:55.625558 transaction@flush created L0@98 N·2 S·301B "45,v137":"las..dex,v138"
03:42:55.625590 version@stat F·[16 1] S·4KiB[3KiB 1KiB] Sc·[4.00 0.00]
03:42:55.626172 transaction@flush created L0@99 N·1 S·126B "las..dex,v139":"las..dex,v139"
03:42:55.626213 version@stat F·[17 1] S·4KiB[3KiB 1KiB] Sc·[4.25 0.00]
03:42:55.626821 transaction@flush created L0@100 N·2 S·301B "46,v140":"las..dex,v141"
03:42:55.626854 version@stat F·[18 1] S·4KiB[3KiB 1KiB] Sc·[4.50 0.00]
03:42:55.627431 transaction@flush created L0@101 N·1 S·126B "las..dex,v142":"las..dex,v142"
03:42:55.627462 version@stat F·[19 1] S·5KiB[3KiB 1KiB] Sc·[4.75 0.00]
03:42:55.628145 transaction@flush created L0@102 N·2 S·301B "47,v143":"las..dex,v144"
03:42:55.628181 version@stat F·[20 1] S·5KiB[4KiB 1KiB] Sc·[5.00 0.00]
03:42:55.628725 transaction@flush created L0@103 N·1 S·126B "las..dex,v145":"las..dex,v145"
03:42:55.628768 version@stat F·[21 1] S·5KiB[4KiB 1KiB] Sc·[5.25 0.00]
03:42:55.629456 transaction@flush created L0@104 N·2 S·301B "48,v146":"las..dex,v147"
03:42:55.629490 version@stat F·[22 1] S·5KiB[4KiB 1KiB] Sc·[5.50 0.00]
03:42:55.630261 transaction@flush created L0@105 N·1 S·126B "las..dex,v148":"las..dex,v148"
03:42:55.630302 version@stat F·[23 1] S·5KiB[4KiB 1KiB] Sc·[5.75 0.00]
03:42:55.631215 transaction@flush created L0@106 N·2 S·301B "49,v149":"las..dex,v150"
03:42:55.631257 version@stat F·[24 1] S·6KiB[5KiB 1KiB] Sc·[6.00 0.00]
03:42:55.631981 transaction@flush created L0@107 N·1 S·126B "las..dex,v151":"las..dex,v151"
03:42:55.632026 version@stat F·[25 1] S·6KiB[5KiB 1KiB] Sc·[6.25 0.00]
03:42:55.632801 transaction@flush created L0@108 N·2 S·301B "50,v152":"las..dex,v153"
03:42:55.632835 version@stat F·[26 1] S·6KiB[5KiB 1KiB] Sc·[6.50 0.00]
03:42:55.633483 transaction@flush created L0@109 N·1 S·126B "las..dex,v154":"las..dex,v154"
03:42:55.633566 version@stat F·[27 1] S·6KiB[5KiB 1KiB] Sc·[6.75 0.00]
03:42:55.634214 transaction@flush created L0@110 N·2 S·301B "51,v155":"las..dex,v156"
03:42:55.634250 version@stat F·[28 1] S·6KiB[5KiB 1KiB] Sc·[7.00 0.00]
03:42:55.634818 transaction@flush created L0@111 N·1 S·126B "las..dex,v157":"las..dex,v157"
03:42:55.634852 version@stat F·[29 1] S·7KiB[5KiB 1KiB] Sc·[7.25 0.00]
03:42:55.635733 transaction@flush created L0@112 N·2 S·301B "52,v158":"las..dex,v159"
03:42:55.635767 version@stat F·[30 1] S·7KiB[6KiB 1KiB] Sc·[7.50 0.00]
03:42:55.636189 table@compaction L0·30 -> L1·1 S·7KiB Q·159
03:42:55.638774 table@build created L1@113 N·54 S·1KiB "0,v2":"las..dex,v159"
03:42:55.638859 version@stat F·[0 1] S·1KiB[0B 1KiB] Sc·[0.00 0.00]
03:42:55.639053 table@compaction committed F-30 S-5KiB Ke·0 D·30 T·2.826786ms
03:42:55.639152 table@remove removed @112
03:42:55.639223 table@remove removed @111
03:42:55.639289 table@remove removed @110
03:42:55.639546 table@remove removed @109
03:42:55.639625 table@remove removed @108
03:42:55.639784 table@remove removed @107
03:42:55.639960 table@remove removed @106
03:42:55.640058 table@remove removed @105
03:42:55.640146 table@remove removed @104
03:42:55.640231 table@remove removed @103
03:42:55.640577 table@remove removed @102
03:42:55.640677 table@remove removed @101
03:42:55.640802 table@remove removed @100
03:42:55.640921 table@remove removed @99
03:42:55.641000 table@remove removed @98
03:42:55.641108 table@remove removed @97
03:42:55.641199 table@remove removed @96
03:42:55.641308 table@remove removed @95
03:42:55.641386 table@remove removed @94
03:42:55.641453 table@remove removed @93
03:42:55.641553 table@remove removed @92
03:42:55.641657 table@remove removed @91
03:42:55.641724 table@remove removed @90
03:42:55.641795 table@remove removed @89
03:42:55.641950 table@remove removed @88
03:42:55.642059 table@remove removed @87
03:42:55.642134 table@remove removed @86
03:42:55.642252 table@remove removed @85
03:42:55.642352 table@remove removed @84
03:42:55.642424 table@remove removed @83
03:42:55.642505 table@remove removed @82
03:42:55.643088 transaction@flush created L0@114 N·1 S·126B "las..dex,v160":"las..dex,v160"
03:42:55.643123 version@stat F·[1 1] S·1KiB[126B 1KiB] Sc·[0.25 0.00]
03:42:55.643898 transaction@flush created L0@115 N·2 S·301B "53,v161":"las..dex,v162"
03:42:55.643928 version@stat F·[2 1] S·2KiB[427B 1KiB] Sc·[0.50 0.00]
03:42:55.644599 transaction@flush created L0@116 N·1 S·126B "las..dex,v163":"las..dex,v163"
03:42:55.644687 version@stat F·[3 1] S·2KiB[553B 1KiB] Sc·[0.75 0.00]
03:42:55.645247 transaction@flush created L0@117 N·2 S·301B "54,v164":"las..dex,v165"
03:42:55.645278 version@stat F·[4 1] S·2KiB[854B 1KiB] Sc·[1.00 0.00]
03:42:55.645981 transaction@flush created L0@118 N·1 S·126B "las..dex,v166":"las..dex,v166"
03:42:55.646012 version@stat F·[5 1] S·2KiB[980B 1KiB] Sc·[1.25 0.00]
03:42:55.646862 transaction@flush created L0@119 N·2 S·301B "55,v167":"las..dex,v168"
03:42:55.646905 version@stat F·[6 1] S·2KiB[1KiB 1KiB] Sc·[1.50 0.00]
03:42:55.647490 transaction@flush created L0@120 N·1 S·126B "las..dex,v169":"las..dex,v169"
03:42:55.647570 version@stat F·[7 1] S·2KiB[1KiB 1KiB] Sc·[1.75 0.00]
03:42:55.648311 transaction@flush created L0@121 N·2 S·301B "56,v170":"las..dex,v171"
03:42:55.648344 version@stat F·[8 1] S·3KiB[1KiB 1KiB] Sc·[2.00 0.00]
03:42:55.649135 transaction@flush created L0@122 N·1 S·126B "las..dex,v172":"las..dex,v172"
03:42:55.649172 version@stat F·[9 1] S·3KiB[1KiB 1KiB] Sc·[2.25 0.00]
03:42:55.649831 transaction@flush created L0@123 N·2 S·301B "57,v173":"las..dex,v174"
03:42:55.649864 version@stat F·[10 1] S·3KiB[2KiB 1KiB] Sc·[2.50 0.00]
03:42:55.650519 transaction@flush created L0@124 N·1 S·126B "las..dex,v175":"las..dex,v175"
03:42:55.650562 version@stat F·[11 1] S·3KiB[2KiB 1KiB] Sc·[2.75 0.00]
03:42:55.651222 transaction@flush created L0@125 N·2 S·301B "58,v176":"las..dex,v177"
03:42:55.651254 version@stat F·[12 1] S·4KiB[2KiB 1KiB] Sc·[3.00 0.00]
03:42:55.651875 transaction@flush created L0@126 N·1 S·126B "las..dex,v178":"las..dex,v178"
03:42:55.651908 version@stat F·[13 1] S·4KiB[2KiB 1KiB] Sc·[3.25 0.00]
03:42:55.652509 transaction@flush created L0@127 N·2 S·301B "59,v179":"las..dex,v180"
03:42:55.652571 version@stat F·[14 1] S·4KiB[2KiB 1KiB] Sc·[3.50 0.00]
03:42:55.653189 transaction@flush created L0@128 N·1 S·126B "las..dex,v181":"las..dex,v181"
03:42:55.653221 version@stat F·[15 1] S·4KiB[3KiB 1KiB] Sc·[3.75 0.00]
03:42:55.653729 transaction@flush created L0@129 N·2 S·301B "60,v182":"las..dex,v183"
03:42:55.653763 version@stat F·[16 1] S·4KiB[3KiB 1KiB] Sc·[4.00 0.00]
03:42:55.654478 transaction@flush created L0@130 N·1 S·126B "las..dex,v184":"las..dex,v184"
03:42:55.654512 version@stat F·[17 1] S·5KiB[3KiB 1KiB] Sc·[4.25 0.00]
03:42:55.655053 transaction@flush created L0@131 N·2 S·301B "61,v185":"las..dex,v186"
03:42:55.655089 version@stat F·[18 1] S·5KiB[3KiB 1KiB] Sc·[4.50 0.00]
03:42:55.655676 transaction@flush created L0@132 N·1 S·126B "las..dex,v187":"las..dex,v187"
03:42:55.655726 version@stat F·[19 1] S·5KiB[3KiB 1KiB] Sc·[4.75 0.00]
03:42:55.656310 transaction@flush created L0@133 N·2 S·301B "62,v188":"las..dex,v189"
03:42:55.656371 version@stat F·[20 1] S·5KiB[4KiB 1KiB] Sc·[5.00 0.00]
03:42:55.657927 transaction@flush created L0@134 N·1 S·126B "las..dex,v190":"las..dex,v190"
03:42:55.658221 table@compaction L0·20 -> L1·1 S·5KiB Q·189
03:42:55.661693 table@build created L1@135 N·64 S·1KiB "0,v2":"las..dex,v189"
03:42:55.668438 version@stat F·[21 1] S·5KiB[4KiB 1KiB] Sc·[5.25 0.00]
03:42:55.669103 transaction@flush created L0@136 N·2 S·301B "63,v191":"las..dex,v192"
03:42:55.669147 version@stat F·[22 1] S·6KiB[4KiB 1KiB] Sc·[5.50 0.00]
03:42:55.669636 transaction@flush created L0@137 N·1 S·126B "las..dex,v193":"las..dex,v193"
03:42:55.669670 version@stat F·[23 1] S·6KiB[4KiB 1KiB] Sc·[5.75 0.00]
03:42:55.670286 transaction@flush created L0@138 N·2 S·301B "64,v194":"las..dex,v195"
03:42:55.670323 version@stat F·[24 1] S·6KiB[5KiB 1KiB] Sc·[6.00 0.00]
03:42:55.671720 transaction@flush created L0@139 N·1 S·126B "las..dex,v196":"las..dex,v196"
03:42:55.671834 version@stat F·[25 1] S·6KiB[5KiB 1KiB] Sc·[6.25 0.00]
03:42:55.678233 transaction@flush created L0@140 N·2 S·301B "65,v197":"las..dex,v198"
03:42:55.678302 version@stat F·[26 1] S·7KiB[5KiB 1KiB] Sc·[6.50 0.00]
03:42:55.681562 transaction@flush created L0@141 N·1 S·126B "las..dex,v199":"las..dex,v199"
03:42:55.681809 version@stat F·[27 1] S·7KiB[5KiB 1KiB] Sc·[6.75 0.00]
03:42:55.682923 transaction@flush created L0@142 N·2 S·301B "66,v200":"las..dex,v201"
03:42:55.682989 version@stat F·[28 1] S·7KiB[5KiB 1KiB] Sc·[7.00 0.00]
03:42:55.683772 transaction@flush created L0@143 N·1 S·126B "las..dex,v202":"las..dex,v202"
03:42:55.683886 version@stat F·[29 1] S·7KiB[5KiB 1KiB] Sc·[7.25 0.00]
03:42:55.687968 transaction@flush created L0@144 N·2 S·301B "67,v203":"las..dex,v204"
03:42:55.688022 version@stat F·[30 1] S·7KiB[6KiB 1KiB] Sc·[7.50 0.00]
03:42:55.688656 transaction@flush created L0@145 N·1 S·126B "las..dex,v205":"las..dex,v205"
03:42:55.688706 version@stat F·[31 1] S·7KiB[6KiB 1KiB] Sc·[7.75 0.00]
03:42:55.689317 transaction@flush created L0@146 N·2 S·301B "68,v206":"las..dex,v207"
03:42:55.689361 version@stat F·[32 1] S·8KiB[6KiB 1KiB] Sc·[8.00 0.00]
03:42:55.691426 transaction@flush created L0@147 N·1 S·126B "las..dex,v208":"las..dex,v208"
03:42:55.691469 version@stat F·[33 1] S·8KiB[6KiB 1KiB] Sc·[8.25 0.00]
03:42:55.693391 transaction@flush created L0@148 N·2 S·301B "69,v209":"las..dex,v210"
03:42:55.693435 version@stat F·[34 1] S·8KiB[7KiB 1KiB] Sc·[8.50 0.00]
03:42:55.694106 transaction@flush created L0@149 N·1 S·126B "las..dex,v211":"las..dex,v211"
03:42:55.694158 version@stat F·[35 1] S·8KiB[7KiB 1KiB] Sc·[8.75 0.00]
03:42:55.695694 transaction@flush created L0@150 N·2 S·301B "70,v212":"las..dex,v213"
03:42:55.695744 version@stat F·[36 1] S·9KiB[7KiB 1KiB] Sc·[9.00 0.00]
03:42:55.697013 transaction@flush created L0@151 N·1 S·126B "las..dex,v214":"las..dex,v214"
03:42:55.697055 version@stat F·[37 1] S·9KiB[7KiB 1KiB] Sc·[9.25 0.00]
03:42:55.697976 transaction@flush created L0@152 N·2 S·301B "71,v215":"las..dex,v216"
03:42:55.698035 version@stat F·[38 1] S·9KiB[7KiB 1KiB] Sc·[9.50 0.00]
03:42:55.698895 transaction@flush created L0@153 N·1 S·126B "las..dex,v217":"las..dex,v217"
03:42:55.698954 version@stat F·[39 1] S·9KiB[8KiB 1KiB] Sc·[9.75 0.00]
03:42:55.699938 transaction@flush created L0@154 N·2 S·301B "72,v218":"las..dex,v219"
03:42:55.699985 version@stat F·[40 1] S·9KiB[8KiB 1KiB] Sc·[10.00 0.00]
03:42:55.700701 transaction@flush created L0@155 N·1 S·126B "las..dex,v220":"las..dex,v220"
03:42:55.700747 version@stat F·[41 1] S·10KiB[8KiB 1KiB] Sc·[10.25 0.00]
03:42:55.701331 transaction@flush created L0@156 N·2 S·301B "73,v221":"las..dex,v222"
03:42:55.701376 version@stat F·[42 1] S·10KiB[8KiB 1KiB] Sc·[10.50 0.00]
03:42:55.702149 transaction@flush created L0@157 N·1 S·126B "las..dex,v223":"las..dex,v223"
03:42:55.702198 version@stat F·[43 1] S·10KiB[8KiB 1KiB] Sc·[10.75 0.00]
03:42:55.703082 transaction@flush created L0@158 N·2 S·301B "74,v224":"las..dex,v225"
03:42:55.703144 version@stat F·[44 1] S·10KiB[9KiB 1KiB] Sc·[11.00 0.00]
03:42:55.704023 transaction@flush created L0@159 N·1 S·126B "las..dex,v226":"las..dex,v226"
03:42:55.704169 version@stat F·[45 1] S·10KiB[9KiB 1KiB] Sc·[11.25 0.00]
03:42:55.705785 transaction@flush created L0@160 N·2 S·301B "75,v227":"las..dex,v228"
03:42:55.705869 version@stat F·[46 1] S·11KiB[9KiB 1KiB] Sc·[11.50 0.00]
03:42:55.707001 transaction@flush created L0@161 N·1 S·126B "las..dex,v229":"las..dex,v229"
03:42:55.707080 version@stat F·[47 1] S·11KiB[9KiB 1KiB] Sc·[11.75 0.00]
03:42:55.708909 transaction@flush created L0@162 N·2 S·301B "76,v230":"las..dex,v231"
03:42:55.708967 version@stat F·[48 1] S·11KiB[10KiB 1KiB] Sc·[12.00 0.00]
03:42:55.710200 transaction@flush created L0@163 N·1 S·126B "las..dex,v232":"las..dex,v232"
03:42:55.710256 version@stat F·[49 1] S·11KiB[10KiB 1KiB] Sc·[12.25 0.00]
03:42:55.711273 transaction@flush created L0@164 N·2 S·301B "77,v233":"las..dex,v234"
03:42:55.711497 version@stat F·[50 1] S·12KiB[10KiB 1KiB] Sc·[12.50 0.00]
03:42:55.712769 transaction@flush created L0@165 N·1 S·126B "las..dex,v235":"las..dex,v235"
03:42:55.712813 version@stat F·[51 1] S·12KiB[10KiB 1KiB] Sc·[12.75 0.00]
03:42:55.713421 transaction@flush created L0@166 N·2 S·301B "78,v236":"las..dex,v237"
03:42:55.713474 version@stat F·[52 1] S·12KiB[10KiB 1KiB] Sc·[13.00 0.00]
03:42:55.713778 version@stat F·[32 1] S·8KiB[6KiB 1KiB] Sc·[8.00 0.00]
03:42:55.713922 table@compaction committed F-20 S-3KiB Ke·0 D·20 T·55.67128ms
03:42:55.714670 table@remove removed @133
03:42:55.714968 table@remove removed @132
03:42:55.715140 table@remove removed @131
03:42:55.715484 table@remove removed @130
03:42:55.715600 table@remove removed @129
03:42:55.715822 table@remove removed @128
03:42:55.716052 table@remove removed @127
03:42:55.716296 table@remove removed @126
03:42:55.716804 table@remove removed @125
03:42:55.717862 table@remove removed @124
03:42:55.718355 table@remove removed @123
03:42:55.731555 table@remove removed @122
03:42:55.731791 table@remove removed @121
03:42:55.737636 table@remove removed @120
03:42:55.745908 table@remove removed @119
03:42:55.746106 table@remove removed @118
03:42:55.746203 table@remove removed @117
03:42:55.746459 table@remove removed @116
03:42:55.746525 table@remove removed @115
03:42:55.746586 table@remove removed @114
03:42:55.746651 table@remove removed @113
03:42:55.746793 table@compaction L0·32 -> L1·1 S·8KiB Q·237
03:42:55.771529 table@build created L1@167 N·80 S·2KiB "0,v2":"las..dex,v237"
03:42:55.771627 version@stat F·[0 1] S·2KiB[0B 2KiB] Sc·[0.00 0.00]
03:42:55.771816 table@compaction committed F-32 S-6KiB Ke·0 D·32 T·24.990087ms
03:42:55.771910 table@remove removed @166
03:42:55.772007 table@remove removed @165
03:42:55.772076 table@remove removed @164
03:42:55.772185 table@remove removed @163
03:42:55.772441 table@remove removed @162
03:42:55.772537 table@remove removed @161
03:42:55.772640 table@remove removed @160
03:42:55.772712 table@remove removed @159
03:42:55.772811 table@remove removed @158
03:42:55.772887 table@remove removed @157
03:42:55.772990 table@remove removed @156
03:42:55.773063 table@remove removed @155
03:42:55.773158 table@remove removed @154
03:42:55.773255 table@remove removed @153
03:42:55.773353 table@remove removed @152
03:42:55.773460 table@remove removed @151
03:42:55.773558 table@remove removed @150
03:42:55.773658 table@remove removed @149
03:42:55.773767 table@remove removed @148
03:42:55.773865 table@remove removed @147
03:42:55.773959 table@remove removed @146
03:42:55.774057 table@remove removed @145
03:42:55.774152 table@remove removed @144
03:42:55.774260 table@remove removed @143
03:42:55.774330 table@remove removed @142
03:42:55.774419 table@remove removed @141
03:42:55.774510 table@remove removed @140
03:42:55.774581 table@remove removed @139
03:42:55.774679 table@remove removed @138
03:42:55.774748 table@remove removed @137
03:42:55.774832 table@remove removed @136
03:42:55.775011 table@remove removed @134
03:42:55.775086 table@remove removed @135
03:42:55.778509 transaction@flush created L0@168 N·1 S·126B "las..dex,v238":"las..dex,v238"
03:42:55.778567 version@stat F·[1 1] S·2KiB[126B 2KiB] Sc·[0.25 0.00]
03:42:55.779222 transaction@flush created L0@169 N·2 S·301B "79,v239":"las..dex,v240"
03:42:55.779255 version@stat F·[2 1] S·2KiB[427B 2KiB] Sc·[0.50 0.00]
03:42:55.796110 transaction@flush created L0@170 N·1 S·126B "las..dex,v241":"las..dex,v241"
03:42:55.796154 version@stat F·[3 1] S·2KiB[553B 2KiB] Sc·[0.75 0.00]
03:42:55.797137 transaction@flush created L0@171 N·2 S·301B "80,v242":"las..dex,v243"
03:42:55.797181 version@stat F·[4 1] S·3KiB[854B 2KiB] Sc·[1.00 0.00]
03:42:55.797452 table@compaction L0·4 -> L1·1 S·3KiB Q·243
03:42:55.798256 table@build created L1@172 N·82 S·2KiB "0,v2":"las..dex,v243"
03:42:55.798305 version@stat F·[0 1] S·2KiB[0B 2KiB] Sc·[0.00 0.00]
03:42:55.798523 table@compaction committed F-4 S-819B Ke·0 D·4 T·1.040172ms
03:42:55.798610 table@remove removed @171
03:42:55.798715 table@remove removed @170
03:42:55.798784 table@remove removed @169
03:42:55.798854 table@remove removed @168
03:42:55.798956 table@remove removed @167
03:42:55.800964 transaction@flush created L0@173 N·1 S·126B "las..dex,v244":"las..dex,v244"
03:42:55.801006 version@stat F·[1 1] S·2KiB[126B 2KiB] Sc·[0.25 0.00]
03:42:55.802423 transaction@flush created L0@174 N·2 S·301B "81,v245":"las..dex,v246"
03:42:55.802457 version@stat F·[2 1] S·2KiB[427B 2KiB] Sc·[0.50 0.00]
03:42:55.803194 transaction@flush created L0@175 N·1 S·126B "las..dex,v247":"las..dex,v247"
03:42:55.803233 version@stat F·[3 1] S·2KiB[553B 2KiB] Sc·[0.75 0.00]
03:42:55.803786 transaction@flush created L0@176 N·2 S·301B "82,v248":"las..dex,v249"
03:42:55.804078 version@stat F·[4 1] S·3KiB[854B 2KiB] Sc·[1.00 0.00]
03:42:55.804284 table@compaction L0·4 -> L1·1 S·3KiB Q·249
03:42:55.805115 table@build created L1@177 N·84 S·2KiB "0,v2":"las..dex,v249"
03:42:55.805233 version@stat F·[0 1] S·2KiB[0B 2KiB] Sc·[0.00 0.00]
03:42:55.805469 table@compaction committed F-4 S-820B Ke·0 D·4 T·1.157635ms
03:42:55.805636 table@remove removed @176
03:42:55.805746 table@remove removed @175
03:42:55.805819 table@remove removed @174
03:42:55.805924 table@remove removed @173
03:42:55.806016 table@remove removed @172
03:42:55.806558 transaction@flush created L0@178 N·1 S·126B "las..dex,v250":"las..dex,v250"
03:42:55.806589 version@stat F·[1 1] S·2KiB[126B 2KiB] Sc·[0.25 0.00]
03:42:55.807130 transaction@flush created L0@179 N·2 S·301B "83,v251":"las..dex,v252"
03:42:55.807195 version@stat F·[2 1] S·2KiB[427B 2KiB] Sc·[0.50 0.00]
03:42:55.807882 transaction@flush created L0@180 N·1 S·126B "las..dex,v253":"las..dex,v253"
03:42:55.807914 version@stat F·[3 1] S·2KiB[553B 2KiB] Sc·[0.75 0.00]
03:42:55.808549 transaction@flush created L0@181 N·2 S·301B "84,v254":"las..dex,v255"
03:42:55.808577 version@stat F·[4 1] S·3KiB[854B 2KiB] Sc·[1.00 0.00]
03:42:55.809075 transaction@flush created L0@182 N·1 S·126B "las..dex,v256":"las..dex,v256"
03:42:55.809108 version@stat F·[5 1] S·3KiB[980B 2KiB] Sc·[1.25 0.00]
03:42:55.810129 transaction@flush created L0@183 N·2 S·302B "85,v257":"las..dex,v258"
03:42:55.810164 version@stat F·[6 1] S·3KiB[1KiB 2KiB] Sc·[1.50 0.00]
03:42:55.810647 table@compaction L0·6 -> L1·1 S·3KiB Q·258
03:42:55.811717 table@build created L1@184 N·87 S·2KiB "0,v2":"las..dex,v258"
03:42:55.811785 version@stat F·[0 1] S·2KiB[0B 2KiB] Sc·[0.00 0.00]
03:42:55.812167 table@compaction committed F-6 S-1KiB Ke·0 D·6 T·1.480845ms
03:42:55.812289 table@remove removed @183
03:42:55.812373 table@remove removed @182
03:42:55.812507 table@remove removed @181
03:42:55.812777 table@remove removed @180
03:42:55.812967 table@remove removed @179
03:42:55.813061 table@remove removed @178
03:42:55.813233 table@remove removed @177
03:42:55.832843 transaction@flush created L0@185 N·1 S·126B "las..dex,v259":"las..dex,v259"
03:42:55.832912 version@stat F·[1 1] S·2KiB[126B 2KiB] Sc·[0.25 0.00]
03:42:55.833543 transaction@flush created L0@186 N·2 S·302B "86,v260":"las..dex,v261"
03:42:55.833596 version@stat F·[2 1] S·2KiB[428B 2KiB] Sc·[0.50 0.00]
03:42:55.837579 transaction@flush created L0@187 N·1 S·126B "las..dex,v262":"las..dex,v262"
03:42:55.837614 version@stat F·[3 1] S·2KiB[554B 2KiB] Sc·[0.75 0.00]
03:42:55.838881 transaction@flush created L0@188 N·2 S·302B "87,v263":"las..dex,v264"
03:42:55.838920 version@stat F·[4 1] S·3KiB[856B 2KiB] Sc·[1.00 0.00]
03:42:55.839310 table@compaction L0·4 -> L1·1 S·3KiB Q·264
03:42:55.841303 table@build created L1@189 N·89 S·2KiB "0,v2":"las..dex,v264"
03:42:55.841362 version@stat F·[0 1] S·2KiB[0B 2KiB] Sc·[0.00 0.00]
03:42:55.865628 table@compaction committed F-4 S-826B Ke·0 D·4 T·26.273289ms
03:42:55.865779 table@remove removed @188
03:42:55.865935 table@remove removed @187
03:42:55.866185 table@remove removed @186
03:42:55.866295 table@remove removed @185
03:42:55.866413 table@remove removed @184
03:42:55.868350 transaction@flush created L0@190 N·1 S·126B "las..dex,v265":"las..dex,v265"
03:42:55.868398 version@stat F·[1 1] S·2KiB[126B 2KiB] Sc·[0.25 0.00]
03:42:55.870310 transaction@flush created L0@191 N·2 S·302B "88,v266":"las..dex,v267"
03:42:55.870363 version@stat F·[2 1] S·2KiB[428B 2KiB] Sc·[0.50 0.00]
03:42:55.878202 transaction@flush created L0@192 N·1 S·126B "las..dex,v268":"las..dex,v268"
03:42:55.878246 version@stat F·[3 1] S·2KiB[554B 2KiB] Sc·[0.75 0.00]
03:42:55.878943 transaction@flush created L0@193 N·2 S·302B "89,v269":"las..dex,v270"
03:42:55.878976 version@stat F·[4 1] S·3KiB[856B 2KiB] Sc·[1.00 0.00]
03:42:55.879176 table@compaction L0·4 -> L1·1 S·3KiB Q·270
03:42:55.879869 table@build created L1@194 N·91 S·2KiB "0,v2":"las..dex,v270"
