=============== May 1, 2016 (IST) ===============
03:42:54.476467 log@legend F·NumFile S·FileSize N·Entry C·BadEntry B·BadBlock Ke·KeyError D·DroppedEntry L·Level Q·SeqNum T·TimeElapsed
03:42:54.476983 db@open opening
03:42:54.478370 version@stat F·[] S·0B[] Sc·[]
03:42:54.478709 db@janitor F·2 G·0
03:42:54.478737 db@open done T·1.730313ms
03:42:55.508556 transaction@flush created L0@2 N·1 S·126B "las..dex,v1":"las..dex,v1"
03:42:55.508628 version@stat F·[1] S·126B[126B] Sc·[0.25]
03:42:55.509435 transaction@flush created L0@3 N·2 S·298B "0,v2":"las..dex,v3"
03:42:55.509487 version@stat F·[2] S·424B[424B] Sc·[0.50]
03:42:55.511302 transaction@flush created L0@4 N·1 S·125B "las..dex,v4":"las..dex,v4"
03:42:55.511345 version@stat F·[3] S·549B[549B] Sc·[0.75]
03:42:55.513969 transaction@flush created L0@5 N·2 S·298B "1,v5":"las..dex,v6"
03:42:55.513999 version@stat F·[4] S·847B[847B] Sc·[1.00]
03:42:55.514500 transaction@flush created L0@6 N·1 S·125B "las..dex,v7":"las..dex,v7"
03:42:55.514527 version@stat F·[5] S·972B[972B] Sc·[1.25]
03:42:55.515063 transaction@flush created L0@7 N·2 S·298B "2,v8":"las..dex,v9"
03:42:55.515130 version@stat F·[6] S·1KiB[1KiB] Sc·[1.50]
03:42:55.515596 transaction@flush created L0@8 N·1 S·125B "las..dex,v10":"las..dex,v10"
03:42:55.515621 version@stat F·[7] S·1KiB[1KiB] Sc·[1.75]
03:42:55.516217 transaction@flush created L0@9 N·2 S·298B "3,v11":"las..dex,v12"
03:42:55.516242 version@stat F·[8] S·1KiB[1KiB] Sc·[2.00]
03:42:55.516824 transaction@flush created L0@10 N·1 S·125B "las..dex,v13":"las..dex,v13"
03:42:55.516849 version@stat F·[9] S·1KiB[1KiB] Sc·[2.25]
03:42:55.517512 transaction@flush created L0@11 N·2 S·298B "4,v14":"las..dex,v15"
03:42:55.517538 version@stat F·[10] S·2KiB[2KiB] Sc·[2.50]
03:42:55.518078 transaction@flush created L0@12 N·1 S·125B "las..dex,v16":"las..dex,v16"
03:42:55.518104 version@stat F·[11] S·2KiB[2KiB] Sc·[2.75]
03:42:55.518646 transaction@flush created L0@13 N·2 S·298B "5,v17":"las..dex,v18"
03:42:55.518674 version@stat F·[12] S·2KiB[2KiB] Sc·[3.00]
03:42:55.519154 transaction@flush created L0@14 N·1 S·125B "las..dex,v19":"las..dex,v19"
03:42:55.519187 version@stat F·[13] S·2KiB[2KiB] Sc·[3.25]
03:42:55.520004 transaction@flush created L0@15 N·2 S·298B "6,v20":"las..dex,v21"
03:42:55.520034 version@stat F·[14] S·2KiB[2KiB] Sc·[3.50]
03:42:55.520303 table@compaction L0·14 -> L1·0 S·2KiB Q·21
03:42:55.521249 table@build created L1@16 N·8 S·412B "0,v2":"las..dex,v21"
03:42:55.521355 version@stat F·[0 1] S·412B[0B 412B] Sc·[0.00 0.00]
03:42:55.521538 table@compaction committed F-13 S-2KiB Ke·0 D·13 T·1.209352ms
03:42:55.521921 table@remove removed @15
03:42:55.522129 table@remove removed @14
03:42:55.522382 table@remove removed @13
03:42:55.522523 table@remove removed @12
03:42:55.522613 table@remove removed @11
03:42:55.522702 table@remove removed @10
03:42:55.522977 table@remove removed @9
03:42:55.523211 table@remove removed @8
03:42:55.523306 table@remove removed @7
03:42:55.523375 table@remove removed @6
03:42:55.523439 table@remove removed @5
03:42:55.523542 table@remove removed @4
03:42:55.523629 table@remove removed @3
03:42:55.523721 table@remove removed @2
03:42:55.524291 transaction@flush created L0@17 N·1 S·125B "las..dex,v22":"las..dex,v22"
03:42:55.524341 version@stat F·[1 1] S·537B[125B 412B] Sc·[0.25 0.00]
03:42:55.524952 transaction@flush created L0@18 N·2 S·298B "7,v23":"las..dex,v24"
03:42:55.524986 version@stat F·[2 1] S·835B[423B 412B] Sc·[0.50 0.00]
03:42:55.525467 transaction@flush created L0@19 N·1 S·125B "las..dex,v25":"las..dex,v25"
03:42:55.525498 version@stat F·[3 1] S·960B[548B 412B] Sc·[0.75 0.00]
03:42:55.526097 transaction@flush created L0@20 N·2 S·298B "8,v26":"las..dex,v27"
03:42:55.526148 version@stat F·[4 1] S·1KiB[846B 412B] Sc·[1.00 0.00]
03:42:55.526898 transaction@flush created L0@21 N·1 S·125B "las..dex,v28":"las..dex,v28"
03:42:55.526930 version@stat F·[5 1] S·1KiB[971B 412B] Sc·[1.25 0.00]
03:42:55.527479 transaction@flush created L0@22 N·2 S·299B "9,v29":"las..dex,v30"
03:42:55.527524 version@stat F·[6 1] S·1KiB[1KiB 412B] Sc·[1.50 0.00]
03:42:55.528022 transaction@flush created L0@23 N·1 S·125B "las..dex,v31":"las..dex,v31"
03:42:55.528060 version@stat F·[7 1] S·1KiB[1KiB 412B] Sc·[1.75 0.00]
03:42:55.528760 transaction@flush created L0@24 N·2 S·301B "10,v32":"las..dex,v33"
03:42:55.528788 version@stat F·[8 1] S·2KiB[1KiB 412B] Sc·[2.00 0.00]
03:42:55.529315 transaction@flush created L0@25 N·1 S·126B "las..dex,v34":"las..dex,v34"
03:42:55.529349 version@stat F·[9 1] S·2KiB[1KiB 412B] Sc·[2.25 0.00]
03:42:55.529835 transaction@flush created L0@26 N·2 S·301B "11,v35":"las..dex,v36"
03:42:55.529865 version@stat F·[10 1] S·2KiB[2KiB 412B] Sc·[2.50 0.00]
03:42:55.530504 transaction@flush created L0@27 N·1 S·126B "las..dex,v37":"las..dex,v37"
03:42:55.530533 version@stat F·[11 1] S·2KiB[2KiB 412B] Sc·[2.75 0.00]
03:42:55.531245 transaction@flush created L0@28 N·2 S·301B "12,v38":"las..dex,v39"
03:42:55.531285 version@stat F·[12 1] S·2KiB[2KiB 412B] Sc·[3.00 0.00]
03:42:55.533374 transaction@flush created L0@29 N·1 S·126B "las..dex,v40":"las..dex,v40"
03:42:55.533413 version@stat F·[13 1] S·3KiB[2KiB 412B] Sc·[3.25 0.00]
03:42:55.534133 transaction@flush created L0@30 N·2 S·301B "13,v41":"las..dex,v42"
03:42:55.534218 version@stat F·[14 1] S·3KiB[2KiB 412B] Sc·[3.50 0.00]
03:42:55.534766 transaction@flush created L0@31 N·1 S·126B "las..dex,v43":"las..dex,v43"
03:42:55.534798 version@stat F·[15 1] S·3KiB[3KiB 412B] Sc·[3.75 0.00]
03:42:55.535402 transaction@flush created L0@32 N·2 S·301B "14,v44":"las..dex,v45"
03:42:55.535458 version@stat F·[16 1] S·3KiB[3KiB 412B] Sc·[4.00 0.00]
03:42:55.536045 table@compaction L0·16 -> L1·1 S·3KiB Q·45
03:42:55.537185 table@build created L1@33 N·16 S·569B "0,v2":"las..dex,v45"
03:42:55.537264 version@stat F·[0 1] S·569B[0B 569B] Sc·[0.00 0.00]
03:42:55.537452 table@compaction committed F-16 S-3KiB Ke·0 D·16 T·1.373627ms
03:42:55.537565 table@remove removed @32
03:42:55.537660 table@remove removed @31
03:42:55.537774 table@remove removed @30
03:42:55.537866 table@remove removed @29
03:42:55.538000 table@remove removed @28
03:42:55.538083 table@remove removed @27
03:42:55.538153 table@remove removed @26
03:42:55.538271 table@remove removed @25
03:42:55.538339 table@remove removed @24
03:42:55.538433 table@remove removed @23
03:42:55.538522 table@remove removed @22
03:42:55.538639 table@remove removed @21
03:42:55.538774 table@remove removed @20
03:42:55.538845 table@remove removed @19
03:42:55.538967 table@remove removed @18
03:42:55.539035 table@remove removed @17
03:42:55.539103 table@remove removed @16
03:42:55.550050 transaction@flush created L0@34 N·1 S·126B "las..dex,v46":"las..dex,v46"
03:42:55.550083 version@stat F·[1 1] S·695B[126B 569B] Sc·[0.25 0.00]
03:42:55.550786 transaction@flush created L0@35 N·2 S·301B "15,v47":"las..dex,v48"
03:42:55.550827 version@stat F·[2 1] S·996B[427B 569B] Sc·[0.50 0.00]
03:42:55.551325 transaction@flush created L0@36 N·1 S·126B "las..dex,v49":"las..dex,v49"
03:42:55.551356 version@stat F·[3 1] S·1KiB[553B 569B] Sc·[0.75 0.00]
03:42:55.552035 transaction@flush created L0@37 N·2 S·301B "16,v50":"las..dex,v51"
03:42:55.552067 version@stat F·[4 1] S·1KiB[854B 569B] Sc·[1.00 0.00]
03:42:55.552753 transaction@flush created L0@38 N·1 S·126B "las..dex,v52":"las..dex,v52"
03:42:55.552788 version@stat F·[5 1] S·1KiB[980B 569B] Sc·[1.25 0.00]
03:42:55.553467 transaction@flush created L0@39 N·2 S·301B "17,v53":"las..dex,v54"
03:42:55.553499 version@stat F·[6 1] S·1KiB[1KiB 569B] Sc·[1.50 0.00]
03:42:55.554040 transaction@flush created L0@40 N·1 S·126B "las..dex,v55":"las..dex,v55"
03:42:55.554072 version@stat F·[7 1] S·1KiB[1KiB 569B] Sc·[1.75 0.00]
03:42:55.554592 transaction@flush created L0@41 N·2 S·301B "18,v56":"las..dex,v57"
03:42:55.554622 version@stat F·[8 1] S·2KiB[1KiB 569B] Sc·[2.00 0.00]
03:42:55.555159 transaction@flush created L0@42 N·1 S·126B "las..dex,v58":"las..dex,v58"
03:42:55.555218 version@stat F·[9 1] S·2KiB[1KiB 569B] Sc·[2.25 0.00]
03:42:55.555812 transaction@flush created L0@43 N·2 S·301B "19,v59":"las..dex,v60"
03:42:55.555842 version@stat F·[10 1] S·2KiB[2KiB 569B] Sc·[2.50 0.00]
03:42:55.556518 transaction@flush created L0@44 N·1 S·126B "las..dex,v61":"las..dex,v61"
03:42:55.556548 version@stat F·[11 1] S·2KiB[2KiB 569B] Sc·[2.75 0.00]
03:42:55.557309 transaction@flush created L0@45 N·2 S·301B "20,v62":"las..dex,v63"
03:42:55.557342 version@stat F·[12 1] S·3KiB[2KiB 569B] Sc·[3.00 0.00]
03:42:55.557971 transaction@flush created L0@46 N·1 S·126B "las..dex,v64":"las..dex,v64"
03:42:55.558012 version@stat F·[13 1] S·3KiB[2KiB 569B] Sc·[3.25 0.00]
03:42:55.559228 transaction@flush created L0@47 N·2 S·301B "21,v65":"las..dex,v66"
03:42:55.559267 version@stat F·[14 1] S·3KiB[2KiB 569B] Sc·[3.50 0.00]
03:42:55.559946 transaction@flush created L0@48 N·1 S·126B "las..dex,v67":"las..dex,v67"
03:42:55.559980 version@stat F·[15 1] S·3KiB[3KiB 569B] Sc·[3.75 0.00]
03:42:55.561074 transaction@flush created L0@49 N·2 S·301B "22,v68":"las..dex,v69"
03:42:55.561110 version@stat F·[16 1] S·3KiB[3KiB 569B] Sc·[4.00 0.00]
03:42:55.561712 transaction@flush created L0@50 N·1 S·126B "las..dex,v70":"las..dex,v70"
03:42:55.561748 version@stat F·[17 1] S·4KiB[3KiB 569B] Sc·[4.25 0.00]
03:42:55.562476 transaction@flush created L0@51 N·2 S·301B "23,v71":"las..dex,v72"
03:42:55.562511 version@stat F·[18 1] S·4KiB[3KiB 569B] Sc·[4.50 0.00]
03:42:55.563039 transaction@flush created L0@52 N·1 S·126B "las..dex,v73":"las..dex,v73"
03:42:55.563076 version@stat F·[19 1] S·4KiB[3KiB 569B] Sc·[4.75 0.00]
03:42:55.563656 transaction@flush created L0@53 N·2 S·301B "24,v74":"las..dex,v75"
03:42:55.563689 version@stat F·[20 1] S·4KiB[4KiB 569B] Sc·[5.00 0.00]
03:42:55.564193 transaction@flush created L0@54 N·1 S·126B "las..dex,v76":"las..dex,v76"
03:42:55.564228 version@stat F·[21 1] S·4KiB[4KiB 569B] Sc·[5.25 0.00]
03:42:55.564828 transaction@flush created L0@55 N·2 S·301B "25,v77":"las..dex,v78"
03:42:55.564861 version@stat F·[22 1] S·5KiB[4KiB 569B] Sc·[5.50 0.00]
03:42:55.565352 transaction@flush created L0@56 N·1 S·126B "las..dex,v79":"las..dex,v79"
03:42:55.565426 version@stat F·[23 1] S·5KiB[4KiB 569B] Sc·[5.75 0.00]
03:42:55.566017 transaction@flush created L0@57 N·2 S·301B "26,v80":"las..dex,v81"
03:42:55.566062 version@stat F·[24 1] S·5KiB[5KiB 569B] Sc·[6.00 0.00]
03:42:55.566582 transaction@flush created L0@58 N·1 S·126B "las..dex,v82":"las..dex,v82"
03:42:55.566616 version@stat F·[25 1] S·5KiB[5KiB 569B] Sc·[6.25 0.00]
03:42:55.567230 transaction@flush created L0@59 N·2 S·301B "27,v83":"las..dex,v84"
03:42:55.567264 version@stat F·[26 1] S·5KiB[5KiB 569B] Sc·[6.50 0.00]
03:42:55.567742 transaction@flush created L0@60 N·1 S·126B "las..dex,v85":"las..dex,v85"
03:42:55.567777 version@stat F·[27 1] S·6KiB[5KiB 569B] Sc·[6.75 0.00]
03:42:55.568576 transaction@flush created L0@61 N·2 S·301B "28,v86":"las..dex,v87"
03:42:55.568610 version@stat F·[28 1] S·6KiB[5KiB 569B] Sc·[7.00 0.00]
03:42:55.569125 transaction@flush created L0@62 N·1 S·126B "las..dex,v88":"las..dex,v88"
03:42:55.569161 version@stat F·[29 1] S·6KiB[5KiB 569B] Sc·[7.25 0.00]
03:42:55.569705 transaction@flush created L0@63 N·2 S·301B "29,v89":"las..dex,v90"
03:42:55.569741 version@stat F·[30 1] S·6KiB[6KiB 569B] Sc·[7.50 0.00]
03:42:55.570286 transaction@flush created L0@64 N·1 S·126B "las..dex,v91":"las..dex,v91"
03:42:55.570322 version@stat F·[31 1] S·6KiB[6KiB 569B] Sc·[7.75 0.00]
03:42:55.570970 transaction@flush created L0@65 N·2 S·301B "30,v92":"las..dex,v93"
03:42:55.571006 version@stat F·[32 1] S·7KiB[6KiB 569B] Sc·[8.00 0.00]
03:42:55.571581 transaction@flush created L0@66 N·1 S·126B "las..dex,v94":"las..dex,v94"
03:42:55.571614 version@stat F·[33 1] S·7KiB[6KiB 569B] Sc·[8.25 0.00]
03:42:55.572214 transaction@flush created L0@67 N·2 S·301B "31,v95":"las..dex,v96"
03:42:55.572249 version@stat F·[34 1] S·7KiB[7KiB 569B] Sc·[8.50 0.00]
03:42:55.572599 table@compaction L0·34 -> L1·1 S·7KiB Q·96
03:42:55.574721 table@build created L1@68 N·33 S·1KiB "0,v2":"las..dex,v96"
03:42:55.574800 version@stat F·[0 1] S·1KiB[0B 1KiB] Sc·[0.00 0.00]
03:42:55.574982 table@compaction committed F-34 S-6KiB Ke·0 D·34 T·2.354248ms
03:42:55.575074 table@remove removed @67
03:42:55.575298 table@remove removed @66
03:42:55.575373 table@remove removed @65
03:42:55.575454 table@remove removed @64
03:42:55.575538 table@remove removed @63
03:42:55.575597 table@remove removed @62
03:42:55.575678 table@remove removed @61
03:42:55.575763 table@remove removed @60
03:42:55.575859 table@remove removed @59
03:42:55.575943 table@remove removed @58
03:42:55.576118 table@remove removed @57
03:42:55.576220 table@remove removed @56
03:42:55.576355 table@remove removed @55
03:42:55.576426 table@remove removed @54
03:42:55.576514 table@remove removed @53
03:42:55.576596 table@remove removed @52
03:42:55.576750 table@remove removed @51
03:42:55.576879 table@remove removed @50
03:42:55.576976 table@remove removed @49
03:42:55.577097 table@remove removed @48
03:42:55.577187 table@remove removed @47
03:42:55.577278 table@remove removed @46
03:42:55.577346 table@remove removed @45
03:42:55.577430 table@remove removed @44
03:42:55.577535 table@remove removed @43
03:42:55.577670 table@remove removed @42
03:42:55.577765 table@remove removed @41
03:42:55.577979 table@remove removed @40
03:42:55.578163 table@remove removed @39
03:42:55.578352 table@remove removed @38
03:42:55.578528 table@remove removed @37
03:42:55.578620 table@remove removed @36
03:42:55.578687 table@remove removed @35
03:42:55.580506 table@remove removed @34
03:42:55.580658 table@remove removed @33
03:42:55.589523 transaction@flush created L0@69 N·1 S·126B "las..dex,v97":"las..dex,v97"
03:42:55.589563 version@stat F·[1 1] S·1KiB[126B 1KiB] Sc·[0.25 0.00]
03:42:55.592810 transaction@flush created L0@70 N·2 S·301B "32,v98":"las..dex,v99"
03:42:55.592839 version@stat F·[2 1] S·1KiB[427B 1KiB] Sc·[0.50 0.00]
03:42:55.593317 transaction@flush created L0@71 N·1 S·126B "las..dex,v100":"las..dex,v100"
03:42:55.593506 version@stat F·[3 1] S·1KiB[553B 1KiB] Sc·[0.75 0.00]
03:42:55.594124 transaction@flush created L0@72 N·2 S·301B "33,v101":"las..dex,v102"
03:42:55.594154 version@stat F·[4 1] S·1KiB[854B 1KiB] Sc·[1.00 0.00]
03:42:55.594706 transaction@flush created L0@73 N·1 S·126B "las..dex,v103":"las..dex,v103"
03:42:55.594738 version@stat F·[5 1] S·2KiB[980B 1KiB] Sc·[1.25 0.00]
03:42:55.595309 transaction@flush created L0@74 N·2 S·301B "34,v104":"las..dex,v105"
03:42:55.595341 version@stat F·[6 1] S·2KiB[1KiB 1KiB] Sc·[1.50 0.00]
03:42:55.595882 transaction@flush created L0@75 N·1 S·126B "las..dex,v106":"las..dex,v106"
03:42:55.595910 version@stat F·[7 1] S·2KiB[1KiB 1KiB] Sc·[1.75 0.00]
03:42:55.596446 transaction@flush created L0@76 N·2 S·301B "35,v107":"las..dex,v108"
03:42:55.596478 version@stat F·[8 1] S·2KiB[1KiB 1KiB] Sc·[2.00 0.00]
03:42:55.597152 transaction@flush created L0@77 N·1 S·126B "las..dex,v109":"las..dex,v109"
03:42:55.597241 version@stat F·[9 1] S·2KiB[1KiB 1KiB] Sc·[2.25 0.00]
03:42:55.597827 transaction@flush created L0@78 N·2 S·301B "36,v110":"las..dex,v111"
03:42:55.597899 version@stat F·[10 1] S·3KiB[2KiB 1KiB] Sc·[2.50 0.00]
03:42:55.598569 transaction@flush created L0@79 N·1 S·126B "las..dex,v112":"las..dex,v112"
03:42:55.598605 version@stat F·[11 1] S·3KiB[2KiB 1KiB] Sc·[2.75 0.00]
03:42:55.599110 transaction@flush created L0@80 N·2 S·301B "37,v113":"las..dex,v114"
03:42:55.599155 version@stat F·[12 1] S·3KiB[2KiB 1KiB] Sc·[3.00 0.00]
03:42:55.599347 table@compaction L0·12 -> L1·1 S·3KiB Q·114
03:42:55.600571 table@build created L1@81 N·39 S·1KiB "0,v2":"las..dex,v114"
03:42:55.600626 version@stat F·[0 1] S·1KiB[0B 1KiB] Sc·[0.00 0.00]
03:42:55.602703 table@compaction committed F-12 S-2KiB Ke·0 D·12 T·3.325702ms
03:42:55.602802 table@remove removed @80
03:42:55.602913 table@remove removed @79
03:42:55.603024 table@remove removed @78
03:42:55.603151 table@remove removed @77
03:42:55.603223 table@remove removed @76
03:42:55.603343 table@remove removed @75
03:42:55.603479 table@remove removed @74
03:42:55.603743 table@remove removed @73
03:42:55.603820 table@remove removed @72
03:42:55.603888 table@remove removed @71
03:42:55.603961 table@remove removed @70
03:42:55.604064 table@remove removed @69
03:42:55.604181 table@remove removed @68
03:42:55.611993 transaction@flush created L0@82 N·1 S·126B "las..dex,v115":"las..dex,v115"
03:42:55.612032 version@stat F·[1 1] S·1KiB[126B 1KiB] Sc·[0.25 0.00]
03:42:55.612901 transaction@flush created L0@83 N·2 S·301B "38,v116":"las..dex,v117"
03:42:55.612953 version@stat F·[2 1] S·1KiB[427B 1KiB] Sc·[0.50 0.00]
03:42:55.613853 transaction@flush created L0@84 N·1 S·126B "las..dex,v118":"las..dex,v118"
03:42:55.613950 version@stat F·[3 1] S·1KiB[553B 1KiB] Sc·[0.75 0.00]
03:42:55.615033 transaction@flush created L0@85 N·2 S·301B "39,v119":"las..dex,v120"
03:42:55.615062 version@stat F·[4 1] S·1KiB[854B 1KiB] Sc·[1.00 0.00]
03:42:55.615621 transaction@flush created L0@86 N·1 S·126B "las..dex,v121":"las..dex,v121"
03:42:55.615660 version@stat F·[5 1] S·2KiB[980B 1KiB] Sc·[1.25 0.00]
03:42:55.616359 transaction@flush created L0@87 N·2 S·301B "40,v122":"las..dex,v123"
03:42:55.616391 version@stat F·[6 1] S·2KiB[1KiB 1KiB] Sc·[1.50 0.00]
03:42:55.617058 transaction@flush created L0@88 N·1 S·126B "las..dex,v124":"las..dex,v124"
03:42:55.617091 version@stat F·[7 1] S·2KiB[1KiB 1KiB] Sc·[1.75 0.00]
03:42:55.617694 transaction@flush created L0@89 N·2 S·301B "41,v125":"las..dex,v126"
03:42:55.617841 version@stat F·[8 1] S·2KiB[1KiB 1KiB] Sc·[2.00 0.00]
03:42:55.618806 transaction@flush created L0@90 N·1 S·126B "las..dex,v127":"las..dex,v127"
03:42:55.618838 version@stat F·[9 1] S·2KiB[1KiB 1KiB] Sc·[2.25 0.00]
03:42:55.619374 transaction@flush created L0@91 N·2 S·301B "42,v128":"las..dex,v129"
03:42:55.619597 version@stat F·[10 1] S·3KiB[2KiB 1KiB] Sc·[2.50 0.00]
03:42:55.620044 transaction@flush created L0@92 N·1 S·126B "las..dex,v130":"las..dex,v130"
03:42:55.620074 version@stat F·[11 1] S·3KiB[2KiB 1KiB] Sc·[2.75 0.00]
03:42:55.620644 transaction@flush created L0@93 N·2 S·301B "43,v131":"las..dex,v132"
03:42:55.620686 version@stat F·[12 1] S·3KiB[2KiB 1KiB] Sc·[3.00 0.00]
03:42:55.621394 transaction@flush created L0@94 N·1 S·126B "las..dex,v133":"las..dex,v133"
03:42:55.621426 version@stat F·[13 1] S·3KiB[2KiB 1KiB] Sc·[3.25 0.00]
03:42:55.622157 transaction@flush created L0@95 N·2 S·301B "44,v134":"las..dex,v135"
03:42:55.622221 version@stat F·[14 1] S·4KiB[2KiB 1KiB] Sc·[3.50 0.00]
03:42:55.622880 transaction@flush created L0@96 N·1 S·126B "las..dex,v136":"las..dex,v136"
03:42:55.622988 version@stat F·[15 1] S·4KiB[3KiB 1KiB] Sc·[3.75 0.00]
03:42:55.623885 transaction@flush created L0@97 N·2 S·301B "45,v137":"las..dex,v138"
03:42:55.623924 version@stat F·[16 1] S·4KiB[3KiB 1KiB] Sc·[4.00 0.00]
03:42:55.624739 transaction@flush created L0@98 N·1 S·126B "las..dex,v139":"las..dex,v139"
03:42:55.624784 version@stat F·[17 1] S·4KiB[3KiB 1KiB] Sc·[4.25 0.00]
03:42:55.625450 transaction@flush created L0@99 N·2 S·301B "46,v140":"las..dex,v141"
03:42:55.625530 version@stat F·[18 1] S·4KiB[3KiB 1KiB] Sc·[4.50 0.00]
03:42:55.626124 transaction@flush created L0@100 N·1 S·126B "las..dex,v142":"las..dex,v142"
03:42:55.626191 version@stat F·[19 1] S·5KiB[3KiB 1KiB] Sc·[4.75 0.00]
03:42:55.626884 transaction@flush created L0@101 N·2 S·301B "47,v143":"las..dex,v144"
03:42:55.626920 version@stat F·[20 1] S·5KiB[4KiB 1KiB] Sc·[5.00 0.00]
03:42:55.627640 transaction@flush created L0@102 N·1 S·126B "las..dex,v145":"las..dex,v145"
03:42:55.627673 version@stat F·[21 1] S·5KiB[4KiB 1KiB] Sc·[5.25 0.00]
03:42:55.628270 transaction@flush created L0@103 N·2 S·301B "48,v146":"las..dex,v147"
03:42:55.628315 version@stat F·[22 1] S·5KiB[4KiB 1KiB] Sc·[5.50 0.00]
03:42:55.629127 transaction@flush created L0@104 N·1 S·126B "las..dex,v148":"las..dex,v148"
03:42:55.629175 version@stat F·[23 1] S·5KiB[4KiB 1KiB] Sc·[5.75 0.00]
03:42:55.629768 transaction@flush created L0@105 N·2 S·301B "49,v149":"las..dex,v150"
03:42:55.629805 version@stat F·[24 1] S·6KiB[5KiB 1KiB] Sc·[6.00 0.00]
03:42:55.630468 transaction@flush created L0@106 N·1 S·126B "las..dex,v151":"las..dex,v151"
03:42:55.630501 version@stat F·[25 1] S·6KiB[5KiB 1KiB] Sc·[6.25 0.00]
03:42:55.631186 transaction@flush created L0@107 N·2 S·301B "50,v152":"las..dex,v153"
03:42:55.631223 version@stat F·[26 1] S·6KiB[5KiB 1KiB] Sc·[6.50 0.00]
03:42:55.632035 transaction@flush created L0@108 N·1 S·126B "las..dex,v154":"las..dex,v154"
03:42:55.632090 version@stat F·[27 1] S·6KiB[5KiB 1KiB] Sc·[6.75 0.00]
03:42:55.632897 transaction@flush created L0@109 N·2 S·301B "51,v155":"las..dex,v156"
03:42:55.632971 version@stat F·[28 1] S·6KiB[5KiB 1KiB] Sc·[7.00 0.00]
03:42:55.633535 transaction@flush created L0@110 N·1 S·126B "las..dex,v157":"las..dex,v157"
03:42:55.633570 version@stat F·[29 1] S·7KiB[5KiB 1KiB] Sc·[7.25 0.00]
03:42:55.634308 transaction@flush created L0@111 N·2 S·301B "52,v158":"las..dex,v159"
03:42:55.634351 version@stat F·[30 1] S·7KiB[6KiB 1KiB] Sc·[7.50 0.00]
03:42:55.634930 table@compaction L0·30 -> L1·1 S·7KiB Q·159
03:42:55.637211 table@build created L1@112 N·54 S·1KiB "0,v2":"las..dex,v159"
03:42:55.637295 version@stat F·[0 1] S·1KiB[0B 1KiB] Sc·[0.00 0.00]
03:42:55.637462 table@compaction committed F-30 S-5KiB Ke·0 D·30 T·2.506937ms
03:42:55.637581 table@remove removed @111
03:42:55.637651 table@remove removed @110
03:42:55.637734 table@remove removed @109
03:42:55.637814 table@remove removed @108
03:42:55.637907 table@remove removed @107
03:42:55.638051 table@remove removed @106
03:42:55.638155 table@remove removed @105
03:42:55.638245 table@remove removed @104
03:42:55.638342 table@remove removed @103
03:42:55.638584 table@remove removed @102
03:42:55.638697 table@remove removed @101
03:42:55.638818 table@remove removed @100
03:42:55.638893 table@remove removed @99
03:42:55.639021 table@remove removed @98
03:42:55.639101 table@remove removed @97
03:42:55.639384 table@remove removed @96
03:42:55.639624 table@remove removed @95
03:42:55.639723 table@remove removed @94
03:42:55.639790 table@remove removed @93
03:42:55.639888 table@remove removed @92
03:42:55.639983 table@remove removed @91
03:42:55.640101 table@remove removed @90
03:42:55.640180 table@remove removed @89
03:42:55.640420 table@remove removed @88
03:42:55.640542 table@remove removed @87
03:42:55.640676 table@remove removed @86
03:42:55.640776 table@remove removed @85
03:42:55.640900 table@remove removed @84
03:42:55.640994 table@remove removed @83
03:42:55.641282 table@remove removed @82
03:42:55.641399 table@remove removed @81
03:42:55.641724 transaction@flush created L0@113 N·1 S·126B "las..dex,v160":"las..dex,v160"
03:42:55.641770 version@stat F·[1 1] S·1KiB[126B 1KiB] Sc·[0.25 0.00]
03:42:55.642558 transaction@flush created L0@114 N·2 S·301B "53,v161":"las..dex,v162"
03:42:55.642590 version@stat F·[2 1] S·2KiB[427B 1KiB] Sc·[0.50 0.00]
03:42:55.643295 transaction@flush created L0@115 N·1 S·126B "las..dex,v163":"las..dex,v163"
03:42:55.643391 version@stat F·[3 1] S·2KiB[553B 1KiB] Sc·[0.75 0.00]
03:42:55.644164 transaction@flush created L0@116 N·2 S·301B "54,v164":"las..dex,v165"
03:42:55.644195 version@stat F·[4 1] S·2KiB[854B 1KiB] Sc·[1.00 0.00]
03:42:55.644746 transaction@flush created L0@117 N·1 S·126B "las..dex,v166":"las..dex,v166"
03:42:55.644835 version@stat F·[5 1] S·2KiB[980B 1KiB] Sc·[1.25 0.00]
03:42:55.645583 transaction@flush created L0@118 N·2 S·301B "55,v167":"las..dex,v168"
03:42:55.645616 version@stat F·[6 1] S·2KiB[1KiB 1KiB] Sc·[1.50 0.00]
03:42:55.646396 transaction@flush created L0@119 N·1 S·126B "las..dex,v169":"las..dex,v169"
03:42:55.646441 version@stat F·[7 1] S·2KiB[1KiB 1KiB] Sc·[1.75 0.00]
03:42:55.647680 transaction@flush created L0@120 N·2 S·301B "56,v170":"las..dex,v171"
03:42:55.647741 version@stat F·[8 1] S·3KiB[1KiB 1KiB] Sc·[2.00 0.00]
03:42:55.649126 transaction@flush created L0@121 N·1 S·126B "las..dex,v172":"las..dex,v172"
03:42:55.649158 version@stat F·[9 1] S·3KiB[1KiB 1KiB] Sc·[2.25 0.00]
03:42:55.649713 transaction@flush created L0@122 N·2 S·301B "57,v173":"las..dex,v174"
03:42:55.649744 version@stat F·[10 1] S·3KiB[2KiB 1KiB] Sc·[2.50 0.00]
03:42:55.650341 transaction@flush created L0@123 N·1 S·126B "las..dex,v175":"las..dex,v175"
03:42:55.650370 version@stat F·[11 1] S·3KiB[2KiB 1KiB] Sc·[2.75 0.00]
03:42:55.651024 transaction@flush created L0@124 N·2 S·301B "58,v176":"las..dex,v177"
03:42:55.651063 version@stat F·[12 1] S·4KiB[2KiB 1KiB] Sc·[3.00 0.00]
03:42:55.651881 transaction@flush created L0@125 N·1 S·126B "las..dex,v178":"las..dex,v178"
03:42:55.651915 version@stat F·[13 1] S·4KiB[2KiB 1KiB] Sc·[3.25 0.00]
03:42:55.652552 transaction@flush created L0@126 N·2 S·301B "59,v179":"las..dex,v180"
03:42:55.652582 version@stat F·[14 1] S·4KiB[2KiB 1KiB] Sc·[3.50 0.00]
03:42:55.653372 transaction@flush created L0@127 N·1 S·126B "las..dex,v181":"las..dex,v181"
03:42:55.653404 version@stat F·[15 1] S·4KiB[3KiB 1KiB] Sc·[3.75 0.00]
03:42:55.654152 transaction@flush created L0@128 N·2 S·301B "60,v182":"las..dex,v183"
03:42:55.654196 version@stat F·[16 1] S·4KiB[3KiB 1KiB] Sc·[4.00 0.00]
03:42:55.654743 transaction@flush created L0@129 N·1 S·126B "las..dex,v184":"las..dex,v184"
03:42:55.654778 version@stat F·[17 1] S·5KiB[3KiB 1KiB] Sc·[4.25 0.00]
03:42:55.655566 transaction@flush created L0@130 N·2 S·301B "61,v185":"las..dex,v186"
03:42:55.655600 version@stat F·[18 1] S·5KiB[3KiB 1KiB] Sc·[4.50 0.00]
03:42:55.656299 transaction@flush created L0@131 N·1 S·126B "las..dex,v187":"las..dex,v187"
03:42:55.656330 version@stat F·[19 1] S·5KiB[3KiB 1KiB] Sc·[4.75 0.00]
03:42:55.657866 transaction@flush created L0@132 N·2 S·301B "62,v188":"las..dex,v189"
03:42:55.657944 version@stat F·[20 1] S·5KiB[4KiB 1KiB] Sc·[5.00 0.00]
03:42:55.658625 transaction@flush created L0@133 N·1 S·126B "las..dex,v190":"las..dex,v190"
03:42:55.658660 version@stat F·[21 1] S·5KiB[4KiB 1KiB] Sc·[5.25 0.00]
03:42:55.659653 transaction@flush created L0@134 N·2 S·301B "63,v191":"las..dex,v192"
03:42:55.659687 version@stat F·[22 1] S·6KiB[4KiB 1KiB] Sc·[5.50 0.00]
03:42:55.660350 transaction@flush created L0@135 N·1 S·126B "las..dex,v193":"las..dex,v193"
03:42:55.660388 version@stat F·[23 1] S·6KiB[4KiB 1KiB] Sc·[5.75 0.00]
03:42:55.661210 transaction@flush created L0@136 N·2 S·301B "64,v194":"las..dex,v195"
03:42:55.661248 version@stat F·[24 1] S·6KiB[5KiB 1KiB] Sc·[6.00 0.00]
03:42:55.661900 transaction@flush created L0@137 N·1 S·126B "las..dex,v196":"las..dex,v196"
03:42:55.661947 version@stat F·[25 1] S·6KiB[5KiB 1KiB] Sc·[6.25 0.00]
03:42:55.663096 transaction@flush created L0@138 N·2 S·301B "65,v197":"las..dex,v198"
03:42:55.663167 version@stat F·[26 1] S·7KiB[5KiB 1KiB] Sc·[6.50 0.00]
03:42:55.663671 transaction@flush created L0@139 N·1 S·126B "las..dex,v199":"las..dex,v199"
03:42:55.663709 version@stat F·[27 1] S·7KiB[5KiB 1KiB] Sc·[6.75 0.00]
03:42:55.664687 transaction@flush created L0@140 N·2 S·301B "66,v200":"las..dex,v201"
03:42:55.664915 version@stat F·[28 1] S·7KiB[5KiB 1KiB] Sc·[7.00 0.00]
03:42:55.665883 transaction@flush created L0@141 N·1 S·126B "las..dex,v202":"las..dex,v202"
03:42:55.665934 version@stat F·[29 1] S·7KiB[5KiB 1KiB] Sc·[7.25 0.00]
03:42:55.667081 transaction@flush created L0@142 N·2 S·301B "67,v203":"las..dex,v204"
03:42:55.667152 version@stat F·[30 1] S·7KiB[6KiB 1KiB] Sc·[7.50 0.00]
03:42:55.667841 transaction@flush created L0@143 N·1 S·126B "las..dex,v205":"las..dex,v205"
03:42:55.667878 version@stat F·[31 1] S·7KiB[6KiB 1KiB] Sc·[7.75 0.00]
03:42:55.668466 table@compaction L0·31 -> L1·1 S·7KiB Q·205
03:42:55.695814 table@build created L1@144 N·69 S·1KiB "0,v2":"las..dex,v205"
03:42:55.696913 version@stat F·[0 1] S·1KiB[0B 1KiB] Sc·[0.00 0.00]
03:42:55.697493 table@compaction committed F-31 S-6KiB Ke·0 D·31 T·29.001309ms
03:42:55.697585 table@remove removed @143
03:42:55.697815 table@remove removed @142
03:42:55.697969 table@remove removed @141
03:42:55.698062 table@remove removed @140
03:42:55.698711 table@remove removed @139
03:42:55.698847 table@remove removed @138
03:42:55.698917 table@remove removed @137
03:42:55.699007 table@remove removed @136
03:42:55.699450 table@remove removed @135
03:42:55.699781 table@remove removed @134
03:42:55.699929 table@remove removed @133
03:42:55.700041 table@remove removed @132
03:42:55.700133 table@remove removed @131
03:42:55.700591 table@remove removed @130
03:42:55.701202 table@remove removed @129
03:42:55.701566 table@remove removed @128
03:42:55.701655 table@remove removed @127
03:42:55.701981 table@remove removed @126
03:42:55.702266 table@remove removed @125
03:42:55.702472 table@remove removed @124
03:42:55.702567 table@remove removed @123
03:42:55.702734 table@remove removed @122
03:42:55.702894 table@remove removed @121
03:42:55.702977 table@remove removed @120
03:42:55.703078 table@remove removed @119
03:42:55.703160 table@remove removed @118
03:42:55.703235 table@remove removed @117
03:42:55.703347 table@remove removed @116
03:42:55.703426 table@remove removed @115
03:42:55.703518 table@remove removed @114
03:42:55.703586 table@remove removed @113
03:42:55.703661 table@remove removed @112
03:42:55.704480 transaction@flush created L0@145 N·2 S·301B "68,v206":"las..dex,v207"
03:42:55.704863 version@stat F·[1 1] S·2KiB[301B 1KiB] Sc·[0.25 0.00]
03:42:55.706903 transaction@flush created L0@146 N·1 S·126B "las..dex,v208":"las..dex,v208"
03:42:55.706943 version@stat F·[2 1] S·2KiB[427B 1KiB] Sc·[0.50 0.00]
03:42:55.707917 transaction@flush created L0@147 N·2 S·301B "69,v209":"las..dex,v210"
03:42:55.707953 version@stat F·[3 1] S·2KiB[728B 1KiB] Sc·[0.75 0.00]
03:42:55.708909 transaction@flush created L0@148 N·1 S·126B "las..dex,v211":"las..dex,v211"
03:42:55.708959 version@stat F·[4 1] S·2KiB[854B 1KiB] Sc·[1.00 0.00]
03:42:55.710019 transaction@flush created L0@149 N·2 S·301B "70,v212":"las..dex,v213"
03:42:55.710070 version@stat F·[5 1] S·2KiB[1KiB 1KiB] Sc·[1.25 0.00]
03:42:55.711139 transaction@flush created L0@150 N·1 S·126B "las..dex,v214":"las..dex,v214"
03:42:55.711197 version@stat F·[6 1] S·3KiB[1KiB 1KiB] Sc·[1.50 0.00]
03:42:55.711842 transaction@flush created L0@151 N·2 S·301B "71,v215":"las..dex,v216"
03:42:55.711874 version@stat F·[7 1] S·3KiB[1KiB 1KiB] Sc·[1.75 0.00]
03:42:55.712730 transaction@flush created L0@152 N·1 S·126B "las..dex,v217":"las..dex,v217"
03:42:55.712766 version@stat F·[8 1] S·3KiB[1KiB 1KiB] Sc·[2.00 0.00]
03:42:55.713324 transaction@flush created L0@153 N·2 S·301B "72,v218":"las..dex,v219"
03:42:55.713356 version@stat F·[9 1] S·3KiB[1KiB 1KiB] Sc·[2.25 0.00]
03:42:55.714056 transaction@flush created L0@154 N·1 S·126B "las..dex,v220":"las..dex,v220"
03:42:55.714088 version@stat F·[10 1] S·3KiB[2KiB 1KiB] Sc·[2.50 0.00]
03:42:55.714772 transaction@flush created L0@155 N·2 S·301B "73,v221":"las..dex,v222"
03:42:55.714801 version@stat F·[11 1] S·4KiB[2KiB 1KiB] Sc·[2.75 0.00]
03:42:55.715601 transaction@flush created L0@156 N·1 S·126B "las..dex,v223":"las..dex,v223"
03:42:55.715632 version@stat F·[12 1] S·4KiB[2KiB 1KiB] Sc·[3.00 0.00]
03:42:55.716325 transaction@flush created L0@157 N·2 S·301B "74,v224":"las..dex,v225"
03:42:55.716364 version@stat F·[13 1] S·4KiB[2KiB 1KiB] Sc·[3.25 0.00]
03:42:55.717300 transaction@flush created L0@158 N·1 S·126B "las..dex,v226":"las..dex,v226"
03:42:55.717331 version@stat F·[14 1] S·4KiB[2KiB 1KiB] Sc·[3.50 0.00]
03:42:55.718453 transaction@flush created L0@159 N·2 S·301B "75,v227":"las..dex,v228"
03:42:55.718486 version@stat F·[15 1] S·5KiB[3KiB 1KiB] Sc·[3.75 0.00]
03:42:55.729901 table@compaction L0·14 -> L1·1 S·4KiB Q·226
03:42:55.739213 transaction@flush created L0@160 N·1 S·126B "las..dex,v229":"las..dex,v229"
03:42:55.740299 version@stat F·[16 1] S·5KiB[3KiB 1KiB] Sc·[4.00 0.00]
03:42:55.750529 transaction@flush created L0@161 N·2 S·301B "76,v230":"las..dex,v231"
03:42:55.750595 version@stat F·[17 1] S·5KiB[3KiB 1KiB] Sc·[4.25 0.00]
03:42:55.756274 transaction@flush created L0@163 N·1 S·126B "las..dex,v232":"las..dex,v232"
03:42:55.756824 version@stat F·[18 1] S·5KiB[3KiB 1KiB] Sc·[4.50 0.00]
03:42:55.765745 transaction@flush created L0@164 N·2 S·301B "77,v233":"las..dex,v234"
03:42:55.765960 version@stat F·[19 1] S·5KiB[4KiB 1KiB] Sc·[4.75 0.00]
03:42:55.769403 transaction@flush created L0@165 N·1 S·126B "las..dex,v235":"las..dex,v235"
03:42:55.769458 version@stat F·[20 1] S·6KiB[4KiB 1KiB] Sc·[5.00 0.00]
03:42:55.770387 transaction@flush created L0@166 N·2 S·301B "78,v236":"las..dex,v237"
03:42:55.770436 version@stat F·[21 1] S·6KiB[4KiB 1KiB] Sc·[5.25 0.00]
03:42:55.773734 table@build created L1@162 N·76 S·2KiB "0,v2":"las..dex,v226"
03:42:55.774029 version@stat F·[7 1] S·3KiB[1KiB 2KiB] Sc·[1.75 0.00]
03:42:55.774514 table@compaction committed F-14 S-2KiB Ke·0 D·14 T·44.231141ms
03:42:55.774717 table@remove removed @158
03:42:55.774821 table@remove removed @157
03:42:55.774902 table@remove removed @156
03:42:55.774968 table@remove removed @155
03:42:55.775206 table@remove removed @154
03:42:55.775413 table@remove removed @153
03:42:55.775485 table@remove removed @152
03:42:55.775579 table@remove removed @151
03:42:55.775661 table@remove removed @150
03:42:55.775807 table@remove removed @149
03:42:55.775890 table@remove removed @148
03:42:55.775997 table@remove removed @147
03:42:55.776108 table@remove removed @146
03:42:55.776327 table@remove removed @145
03:42:55.776736 table@remove removed @144
03:42:55.776871 table@compaction L0·7 -> L1·1 S·3KiB Q·237
03:42:55.779588 table@build created L1@168 N·80 S·2KiB "0,v2":"las..dex,v237"
03:42:55.779836 transaction@flush created L0@167 N·1 S·126B "las..dex,v238":"las..dex,v238"
03:42:55.786733 version@stat F·[0 1] S·2KiB[0B 2KiB] Sc·[0.00 0.00]
03:42:55.796739 table@compaction committed F-7 S-1KiB Ke·0 D·7 T·19.840341ms
03:42:55.796948 table@remove removed @166
03:42:55.797049 table@remove removed @165
03:42:55.797129 table@remove removed @164
03:42:55.797251 table@remove removed @163
03:42:55.797607 table@remove removed @161
03:42:55.797848 table@remove removed @160
03:42:55.797941 table@remove removed @159
03:42:55.798024 table@remove removed @162
03:42:55.798071 version@stat F·[1 1] S·2KiB[126B 2KiB] Sc·[0.25 0.00]
03:42:55.799380 transaction@flush created L0@169 N·2 S·301B "79,v239":"las..dex,v240"
03:42:55.799417 version@stat F·[2 1] S·2KiB[427B 2KiB] Sc·[0.50 0.00]
03:42:55.801274 transaction@flush created L0@170 N·1 S·126B "las..dex,v241":"las..dex,v241"
03:42:55.802697 version@stat F·[3 1] S·2KiB[553B 2KiB] Sc·[0.75 0.00]
03:42:55.804419 transaction@flush created L0@171 N·2 S·301B "80,v242":"las..dex,v243"
03:42:55.804459 version@stat F·[4 1] S·3KiB[854B 2KiB] Sc·[1.00 0.00]
03:42:55.805322 transaction@flush created L0@172 N·1 S·126B "las..dex,v244":"las..dex,v244"
03:42:55.805373 version@stat F·[5 1] S·3KiB[980B 2KiB] Sc·[1.25 0.00]
03:42:55.806079 table@compaction L0·5 -> L1·1 S·3KiB Q·244
03:42:55.806924 table@build created L1@174 N·82 S·2KiB "0,v2":"las..dex,v244"
03:42:55.806968 version@stat F·[0 1] S·2KiB[0B 2KiB] Sc·[0.00 0.00]
03:42:55.807107 table@compaction committed F-5 S-945B Ke·0 D·5 T·1.004335ms
03:42:55.807203 table@remove removed @172
03:42:55.807302 table@remove removed @171
03:42:55.807369 table@remove removed @170
03:42:55.807512 table@remove removed @169
03:42:55.807630 table@remove removed @167
03:42:55.807746 table@remove removed @168
03:42:55.807812 transaction@flush created L0@173 N·2 S·301B "81,v245":"las..dex,v246"
03:42:55.807841 version@stat F·[1 1] S·2KiB[301B 2KiB] Sc·[0.25 0.00]
03:42:55.808414 transaction@flush created L0@175 N·1 S·126B "las..dex,v247":"las..dex,v247"
03:42:55.808447 version@stat F·[2 1] S·2KiB[427B 2KiB] Sc·[0.50 0.00]
03:42:55.809091 transaction@flush created L0@176 N·2 S·301B "82,v248":"las..dex,v249"
03:42:55.809130 version@stat F·[3 1] S·2KiB[728B 2KiB] Sc·[0.75 0.00]
03:42:55.810002 transaction@flush created L0@177 N·1 S·126B "las..dex,v250":"las..dex,v250"
03:42:55.810041 version@stat F·[4 1] S·3KiB[854B 2KiB] Sc·[1.00 0.00]
03:42:55.811282 transaction@flush created L0@178 N·2 S·301B "83,v251":"las..dex,v252"
03:42:55.811335 version@stat F·[5 1] S·3KiB[1KiB 2KiB] Sc·[1.25 0.00]
03:42:55.812262 transaction@flush created L0@179 N·1 S·126B "las..dex,v253":"las..dex,v253"
03:42:55.812307 version@stat F·[6 1] S·3KiB[1KiB 2KiB] Sc·[1.50 0.00]
03:42:55.812911 transaction@flush created L0@180 N·2 S·301B "84,v254":"las..dex,v255"
03:42:55.812948 version@stat F·[7 1] S·3KiB[1KiB 2KiB] Sc·[1.75 0.00]
03:42:55.814288 transaction@flush created L0@181 N·1 S·126B "las..dex,v256":"las..dex,v256"
03:42:55.814323 version@stat F·[8 1] S·3KiB[1KiB 2KiB] Sc·[2.00 0.00]
03:42:55.815085 transaction@flush created L0@182 N·2 S·302B "85,v257":"las..dex,v258"
03:42:55.815124 version@stat F·[9 1] S·4KiB[1KiB 2KiB] Sc·[2.25 0.00]
03:42:55.815387 table@compaction L0·9 -> L1·1 S·4KiB Q·258
03:42:55.824797 table@build created L1@183 N·87 S·2KiB "0,v2":"las..dex,v258"
03:42:55.824874 version@stat F·[0 1] S·2KiB[0B 2KiB] Sc·[0.00 0.00]
03:42:55.827124 table@compaction committed F-9 S-1KiB Ke·0 D·9 T·11.694208ms
03:42:55.827530 table@remove removed @182
03:42:55.827606 table@remove removed @181
03:42:55.827670 table@remove removed @180
03:42:55.827759 table@remove removed @179
03:42:55.827818 table@remove removed @178
03:42:55.827900 table@remove removed @177
03:42:55.828001 table@remove removed @176
03:42:55.828059 table@remove removed @175
03:42:55.828144 table@remove removed @173
03:42:55.828224 table@remove removed @174
03:42:55.833057 transaction@flush created L0@184 N·1 S·126B "las..dex,v259":"las..dex,v259"
03:42:55.833091 version@stat F·[1 1] S·2KiB[126B 2KiB] Sc·[0.25 0.00]
03:42:55.835636 transaction@flush created L0@185 N·2 S·302B "86,v260":"las..dex,v261"
03:42:55.835678 version@stat F·[2 1] S·2KiB[428B 2KiB] Sc·[0.50 0.00]
03:42:55.866331 transaction@flush created L0@186 N·1 S·126B "las..dex,v262":"las..dex,v262"
03:42:55.866383 version@stat F·[3 1] S·2KiB[554B 2KiB] Sc·[0.75 0.00]
03:42:55.867103 transaction@flush created L0@187 N·2 S·302B "87,v263":"las..dex,v264"
03:42:55.867141 version@stat F·[4 1] S·3KiB[856B 2KiB] Sc·[1.00 0.00]
03:42:55.867407 table@compaction L0·4 -> L1·1 S·3KiB Q·264
03:42:55.870941 transaction@flush created L0@189 N·1 S·126B "las..dex,v265":"las..dex,v265"
03:42:55.870978 version@stat F·[5 1] S·3KiB[982B 2KiB] Sc·[1.25 0.00]
03:42:55.872015 transaction@flush created L0@190 N·2 S·302B "88,v266":"las..dex,v267"
03:42:55.872055 version@stat F·[6 1] S·3KiB[1KiB 2KiB] Sc·[1.50 0.00]
03:42:55.872199 table@build created L1@188 N·89 S·2KiB "0,v2":"las..dex,v264"
03:42:55.872295 version@stat F·[2 1] S·2KiB[428B 2KiB] Sc·[0.50 0.00]
03:42:55.872487 table@compaction committed F-4 S-826B Ke·0 D·4 T·5.051523ms
03:42:55.872584 table@remove removed @187
03:42:55.872692 table@remove removed @186
03:42:55.872784 table@remove removed @185
03:42:55.872844 table@remove removed @184
03:42:55.872908 table@remove removed @183
03:42:55.877731 transaction@flush created L0@191 N·1 S·126B "las..dex,v268":"las..dex,v268"
03:42:55.877763 version@stat F·[3 1] S·2KiB[554B 2KiB] Sc·[0.75 0.00]
03:42:55.879139 transaction@flush created L0@192 N·2 S·302B "89,v269":"las..dex,v270"
03:42:55.879174 version@stat F·[4 1] S·3KiB[856B 2KiB] Sc·[1.00 0.00]
03:42:55.879394 table@compaction L0·4 -> L1·1 S·3KiB Q·270
03:42:55.880359 table@build created L1@193 N·91 S·2KiB "0,v2":"las..dex,v270"
03:42:55.880400 version@stat F·[0 1] S·2KiB[0B 2KiB] Sc·[0.00 0.00]
03:42:55.880556 table@compaction committed F-4 S-818B Ke·0 D·4 T·1.138149ms
03:42:55.880657 table@remove removed @192
03:42:55.880746 table@remove removed @191
03:42:55.880850 table@remove removed @190
03:42:55.880947 table@remove removed @189
03:42:55.881016 table@remove removed @188
