=============== May 1, 2016 (IST) ===============
03:42:54.470260 log@legend F·NumFile S·FileSize N·Entry C·BadEntry B·BadBlock Ke·KeyError D·DroppedEntry L·Level Q·SeqNum T·TimeElapsed
03:42:54.470883 db@open opening
03:42:54.471615 version@stat F·[] S·0B[] Sc·[]
03:42:54.471954 db@janitor F·2 G·0
03:42:54.471991 db@open done T·1.086363ms
03:42:55.512571 transaction@flush created L0@2 N·1 S·126B "las..dex,v1":"las..dex,v1"
03:42:55.512606 version@stat F·[1] S·126B[126B] Sc·[0.25]
03:42:55.513164 transaction@flush created L0@3 N·2 S·298B "0,v2":"las..dex,v3"
03:42:55.513306 version@stat F·[2] S·424B[424B] Sc·[0.50]
03:42:55.523571 transaction@flush created L0@4 N·1 S·125B "las..dex,v4":"las..dex,v4"
03:42:55.523599 version@stat F·[3] S·549B[549B] Sc·[0.75]
03:42:55.524355 transaction@flush created L0@5 N·2 S·298B "1,v5":"las..dex,v6"
03:42:55.524380 version@stat F·[4] S·847B[847B] Sc·[1.00]
03:42:55.525042 transaction@flush created L0@6 N·1 S·125B "las..dex,v7":"las..dex,v7"
03:42:55.525068 version@stat F·[5] S·972B[972B] Sc·[1.25]
03:42:55.525698 transaction@flush created L0@7 N·2 S·298B "2,v8":"las..dex,v9"
03:42:55.525732 version@stat F·[6] S·1KiB[1KiB] Sc·[1.50]
03:42:55.526277 transaction@flush created L0@8 N·1 S·125B "las..dex,v10":"las..dex,v10"
03:42:55.526301 version@stat F·[7] S·1KiB[1KiB] Sc·[1.75]
03:42:55.526986 transaction@flush created L0@9 N·2 S·298B "3,v11":"las..dex,v12"
03:42:55.527020 version@stat F·[8] S·1KiB[1KiB] Sc·[2.00]
03:42:55.527591 transaction@flush created L0@10 N·1 S·125B "las..dex,v13":"las..dex,v13"
03:42:55.527618 version@stat F·[9] S·1KiB[1KiB] Sc·[2.25]
03:42:55.528203 transaction@flush created L0@11 N·2 S·298B "4,v14":"las..dex,v15"
03:42:55.528239 version@stat F·[10] S·2KiB[2KiB] Sc·[2.50]
03:42:55.528726 transaction@flush created L0@12 N·1 S·125B "las..dex,v16":"las..dex,v16"
03:42:55.528752 version@stat F·[11] S·2KiB[2KiB] Sc·[2.75]
03:42:55.529260 transaction@flush created L0@13 N·2 S·298B "5,v17":"las..dex,v18"
03:42:55.529288 version@stat F·[12] S·2KiB[2KiB] Sc·[3.00]
03:42:55.529891 transaction@flush created L0@14 N·1 S·125B "las..dex,v19":"las..dex,v19"
03:42:55.529920 version@stat F·[13] S·2KiB[2KiB] Sc·[3.25]
03:42:55.530579 transaction@flush created L0@15 N·2 S·298B "6,v20":"las..dex,v21"
03:42:55.530609 version@stat F·[14] S·2KiB[2KiB] Sc·[3.50]
03:42:55.530897 table@compaction L0·14 -> L1·0 S·2KiB Q·21
03:42:55.533391 table@build created L1@16 N·8 S·412B "0,v2":"las..dex,v21"
03:42:55.533455 version@stat F·[0 1] S·412B[0B 412B] Sc·[0.00 0.00]
03:42:55.533629 table@compaction committed F-13 S-2KiB Ke·0 D·13 T·2.704446ms
03:42:55.533724 table@remove removed @15
03:42:55.533801 table@remove removed @14
03:42:55.533879 table@remove removed @13
03:42:55.533955 table@remove removed @12
03:42:55.534066 table@remove removed @11
03:42:55.534257 table@remove removed @10
03:42:55.534368 table@remove removed @9
03:42:55.534442 table@remove removed @8
03:42:55.534512 table@remove removed @7
03:42:55.534604 table@remove removed @6
03:42:55.534700 table@remove removed @5
03:42:55.534799 table@remove removed @4
03:42:55.534872 table@remove removed @3
03:42:55.534981 table@remove removed @2
03:42:55.539516 transaction@flush created L0@17 N·1 S·125B "las..dex,v22":"las..dex,v22"
03:42:55.539553 version@stat F·[1 1] S·537B[125B 412B] Sc·[0.25 0.00]
03:42:55.540187 transaction@flush created L0@18 N·2 S·298B "7,v23":"las..dex,v24"
03:42:55.540215 version@stat F·[2 1] S·835B[423B 412B] Sc·[0.50 0.00]
03:42:55.540732 transaction@flush created L0@19 N·1 S·125B "las..dex,v25":"las..dex,v25"
03:42:55.540762 version@stat F·[3 1] S·960B[548B 412B] Sc·[0.75 0.00]
03:42:55.541656 transaction@flush created L0@20 N·2 S·298B "8,v26":"las..dex,v27"
03:42:55.541687 version@stat F·[4 1] S·1KiB[846B 412B] Sc·[1.00 0.00]
03:42:55.542308 transaction@flush created L0@21 N·1 S·125B "las..dex,v28":"las..dex,v28"
03:42:55.542399 version@stat F·[5 1] S·1KiB[971B 412B] Sc·[1.25 0.00]
03:42:55.543362 transaction@flush created L0@22 N·2 S·299B "9,v29":"las..dex,v30"
03:42:55.543440 version@stat F·[6 1] S·1KiB[1KiB 412B] Sc·[1.50 0.00]
03:42:55.543894 transaction@flush created L0@23 N·1 S·125B "las..dex,v31":"las..dex,v31"
03:42:55.543930 version@stat F·[7 1] S·1KiB[1KiB 412B] Sc·[1.75 0.00]
03:42:55.544455 transaction@flush created L0@24 N·2 S·301B "10,v32":"las..dex,v33"
03:42:55.544503 version@stat F·[8 1] S·2KiB[1KiB 412B] Sc·[2.00 0.00]
03:42:55.544982 transaction@flush created L0@25 N·1 S·126B "las..dex,v34":"las..dex,v34"
03:42:55.545011 version@stat F·[9 1] S·2KiB[1KiB 412B] Sc·[2.25 0.00]
03:42:55.545524 transaction@flush created L0@26 N·2 S·301B "11,v35":"las..dex,v36"
03:42:55.545553 version@stat F·[10 1] S·2KiB[2KiB 412B] Sc·[2.50 0.00]
03:42:55.546107 transaction@flush created L0@27 N·1 S·126B "las..dex,v37":"las..dex,v37"
03:42:55.546137 version@stat F·[11 1] S·2KiB[2KiB 412B] Sc·[2.75 0.00]
03:42:55.546659 transaction@flush created L0@28 N·2 S·301B "12,v38":"las..dex,v39"
03:42:55.546690 version@stat F·[12 1] S·2KiB[2KiB 412B] Sc·[3.00 0.00]
03:42:55.547243 transaction@flush created L0@29 N·1 S·126B "las..dex,v40":"las..dex,v40"
03:42:55.547277 version@stat F·[13 1] S·3KiB[2KiB 412B] Sc·[3.25 0.00]
03:42:55.547913 transaction@flush created L0@30 N·2 S·301B "13,v41":"las..dex,v42"
03:42:55.547944 version@stat F·[14 1] S·3KiB[2KiB 412B] Sc·[3.50 0.00]
03:42:55.548413 transaction@flush created L0@31 N·1 S·126B "las..dex,v43":"las..dex,v43"
03:42:55.548450 version@stat F·[15 1] S·3KiB[3KiB 412B] Sc·[3.75 0.00]
03:42:55.549027 transaction@flush created L0@32 N·2 S·301B "14,v44":"las..dex,v45"
03:42:55.549172 version@stat F·[16 1] S·3KiB[3KiB 412B] Sc·[4.00 0.00]
03:42:55.549405 table@compaction L0·16 -> L1·1 S·3KiB Q·45
03:42:55.550676 table@build created L1@33 N·16 S·569B "0,v2":"las..dex,v45"
03:42:55.550792 version@stat F·[0 1] S·569B[0B 569B] Sc·[0.00 0.00]
03:42:55.550951 table@compaction committed F-16 S-3KiB Ke·0 D·16 T·1.519702ms
03:42:55.551038 table@remove removed @32
03:42:55.551133 table@remove removed @31
03:42:55.551232 table@remove removed @30
03:42:55.551323 table@remove removed @29
03:42:55.551393 table@remove removed @28
03:42:55.551485 table@remove removed @27
03:42:55.551580 table@remove removed @26
03:42:55.551654 table@remove removed @25
03:42:55.551723 table@remove removed @24
03:42:55.551802 table@remove removed @23
03:42:55.551931 table@remove removed @22
03:42:55.552041 table@remove removed @21
03:42:55.552120 table@remove removed @20
03:42:55.552216 table@remove removed @19
03:42:55.552291 table@remove removed @18
03:42:55.552441 table@remove removed @17
03:42:55.552678 table@remove removed @16
03:42:55.553061 transaction@flush created L0@34 N·1 S·126B "las..dex,v46":"las..dex,v46"
03:42:55.553091 version@stat F·[1 1] S·695B[126B 569B] Sc·[0.25 0.00]
03:42:55.553783 transaction@flush created L0@35 N·2 S·301B "15,v47":"las..dex,v48"
03:42:55.553821 version@stat F·[2 1] S·996B[427B 569B] Sc·[0.50 0.00]
03:42:55.554307 transaction@flush created L0@36 N·1 S·126B "las..dex,v49":"las..dex,v49"
03:42:55.554339 version@stat F·[3 1] S·1KiB[553B 569B] Sc·[0.75 0.00]
03:42:55.554842 transaction@flush created L0@37 N·2 S·301B "16,v50":"las..dex,v51"
03:42:55.554876 version@stat F·[4 1] S·1KiB[854B 569B] Sc·[1.00 0.00]
03:42:55.555583 transaction@flush created L0@38 N·1 S·126B "las..dex,v52":"las..dex,v52"
03:42:55.555613 version@stat F·[5 1] S·1KiB[980B 569B] Sc·[1.25 0.00]
03:42:55.556239 transaction@flush created L0@39 N·2 S·301B "17,v53":"las..dex,v54"
03:42:55.556314 version@stat F·[6 1] S·1KiB[1KiB 569B] Sc·[1.50 0.00]
03:42:55.556780 transaction@flush created L0@40 N·1 S·126B "las..dex,v55":"las..dex,v55"
03:42:55.556812 version@stat F·[7 1] S·1KiB[1KiB 569B] Sc·[1.75 0.00]
03:42:55.557971 transaction@flush created L0@41 N·2 S·301B "18,v56":"las..dex,v57"
03:42:55.558032 version@stat F·[8 1] S·2KiB[1KiB 569B] Sc·[2.00 0.00]
03:42:55.558532 transaction@flush created L0@42 N·1 S·126B "las..dex,v58":"las..dex,v58"
03:42:55.558576 version@stat F·[9 1] S·2KiB[1KiB 569B] Sc·[2.25 0.00]
03:42:55.559609 transaction@flush created L0@43 N·2 S·301B "19,v59":"las..dex,v60"
03:42:55.559643 version@stat F·[10 1] S·2KiB[2KiB 569B] Sc·[2.50 0.00]
03:42:55.560375 transaction@flush created L0@44 N·1 S·126B "las..dex,v61":"las..dex,v61"
03:42:55.560425 version@stat F·[11 1] S·2KiB[2KiB 569B] Sc·[2.75 0.00]
03:42:55.561218 transaction@flush created L0@45 N·2 S·301B "20,v62":"las..dex,v63"
03:42:55.561261 version@stat F·[12 1] S·3KiB[2KiB 569B] Sc·[3.00 0.00]
03:42:55.561745 transaction@flush created L0@46 N·1 S·126B "las..dex,v64":"las..dex,v64"
03:42:55.561778 version@stat F·[13 1] S·3KiB[2KiB 569B] Sc·[3.25 0.00]
03:42:55.562482 transaction@flush created L0@47 N·2 S·301B "21,v65":"las..dex,v66"
03:42:55.562515 version@stat F·[14 1] S·3KiB[2KiB 569B] Sc·[3.50 0.00]
03:42:55.563360 transaction@flush created L0@48 N·1 S·126B "las..dex,v67":"las..dex,v67"
03:42:55.563396 version@stat F·[15 1] S·3KiB[3KiB 569B] Sc·[3.75 0.00]
03:42:55.564078 transaction@flush created L0@49 N·2 S·301B "22,v68":"las..dex,v69"
03:42:55.564111 version@stat F·[16 1] S·3KiB[3KiB 569B] Sc·[4.00 0.00]
03:42:55.564824 transaction@flush created L0@50 N·1 S·126B "las..dex,v70":"las..dex,v70"
03:42:55.564866 version@stat F·[17 1] S·4KiB[3KiB 569B] Sc·[4.25 0.00]
03:42:55.565380 transaction@flush created L0@51 N·2 S·301B "23,v71":"las..dex,v72"
03:42:55.565439 version@stat F·[18 1] S·4KiB[3KiB 569B] Sc·[4.50 0.00]
03:42:55.566035 transaction@flush created L0@52 N·1 S·126B "las..dex,v73":"las..dex,v73"
03:42:55.566080 version@stat F·[19 1] S·4KiB[3KiB 569B] Sc·[4.75 0.00]
03:42:55.566632 transaction@flush created L0@53 N·2 S·301B "24,v74":"las..dex,v75"
03:42:55.566674 version@stat F·[20 1] S·4KiB[4KiB 569B] Sc·[5.00 0.00]
03:42:55.566930 table@compaction L0·20 -> L1·1 S·4KiB Q·75
03:42:55.568378 table@build created L1@54 N·26 S·933B "0,v2":"las..dex,v75"
03:42:55.568556 version@stat F·[0 1] S·933B[0B 933B] Sc·[0.00 0.00]
03:42:55.568807 table@compaction committed F-20 S-3KiB Ke·0 D·20 T·1.849736ms
03:42:55.568961 table@remove removed @53
03:42:55.569072 table@remove removed @52
03:42:55.569176 table@remove removed @51
03:42:55.569313 table@remove removed @50
03:42:55.569409 table@remove removed @49
03:42:55.569489 table@remove removed @48
03:42:55.569599 table@remove removed @47
03:42:55.569683 table@remove removed @46
03:42:55.569866 table@remove removed @45
03:42:55.569963 table@remove removed @44
03:42:55.570121 table@remove removed @43
03:42:55.570267 table@remove removed @42
03:42:55.570401 table@remove removed @41
03:42:55.570492 table@remove removed @40
03:42:55.570560 table@remove removed @39
03:42:55.570624 table@remove removed @38
03:42:55.570765 table@remove removed @37
03:42:55.570862 table@remove removed @36
03:42:55.570976 table@remove removed @35
03:42:55.571045 table@remove removed @34
03:42:55.571322 table@remove removed @33
03:42:55.575824 transaction@flush created L0@55 N·1 S·126B "las..dex,v76":"las..dex,v76"
03:42:55.575858 version@stat F·[1 1] S·1KiB[126B 933B] Sc·[0.25 0.00]
03:42:55.576524 transaction@flush created L0@56 N·2 S·301B "25,v77":"las..dex,v78"
03:42:55.576555 version@stat F·[2 1] S·1KiB[427B 933B] Sc·[0.50 0.00]
03:42:55.577149 transaction@flush created L0@57 N·1 S·126B "las..dex,v79":"las..dex,v79"
03:42:55.577236 version@stat F·[3 1] S·1KiB[553B 933B] Sc·[0.75 0.00]
03:42:55.577802 transaction@flush created L0@58 N·2 S·301B "26,v80":"las..dex,v81"
03:42:55.577926 version@stat F·[4 1] S·1KiB[854B 933B] Sc·[1.00 0.00]
03:42:55.578763 transaction@flush created L0@59 N·1 S·126B "las..dex,v82":"las..dex,v82"
03:42:55.578792 version@stat F·[5 1] S·1KiB[980B 933B] Sc·[1.25 0.00]
03:42:55.581025 transaction@flush created L0@60 N·2 S·301B "27,v83":"las..dex,v84"
03:42:55.581066 version@stat F·[6 1] S·2KiB[1KiB 933B] Sc·[1.50 0.00]
03:42:55.581690 transaction@flush created L0@61 N·1 S·126B "las..dex,v85":"las..dex,v85"
03:42:55.581741 version@stat F·[7 1] S·2KiB[1KiB 933B] Sc·[1.75 0.00]
03:42:55.582386 transaction@flush created L0@62 N·2 S·301B "28,v86":"las..dex,v87"
03:42:55.582510 version@stat F·[8 1] S·2KiB[1KiB 933B] Sc·[2.00 0.00]
03:42:55.583180 transaction@flush created L0@63 N·1 S·126B "las..dex,v88":"las..dex,v88"
03:42:55.583425 version@stat F·[9 1] S·2KiB[1KiB 933B] Sc·[2.25 0.00]
03:42:55.584162 transaction@flush created L0@64 N·2 S·301B "29,v89":"las..dex,v90"
03:42:55.584195 version@stat F·[10 1] S·2KiB[2KiB 933B] Sc·[2.50 0.00]
03:42:55.584926 transaction@flush created L0@65 N·1 S·126B "las..dex,v91":"las..dex,v91"
03:42:55.584965 version@stat F·[11 1] S·3KiB[2KiB 933B] Sc·[2.75 0.00]
03:42:55.585702 transaction@flush created L0@66 N·2 S·301B "30,v92":"las..dex,v93"
03:42:55.585755 version@stat F·[12 1] S·3KiB[2KiB 933B] Sc·[3.00 0.00]
03:42:55.586829 transaction@flush created L0@67 N·1 S·126B "las..dex,v94":"las..dex,v94"
03:42:55.586867 version@stat F·[13 1] S·3KiB[2KiB 933B] Sc·[3.25 0.00]
03:42:55.587706 transaction@flush created L0@68 N·2 S·301B "31,v95":"las..dex,v96"
03:42:55.587757 version@stat F·[14 1] S·3KiB[2KiB 933B] Sc·[3.50 0.00]
03:42:55.588242 table@compaction L0·14 -> L1·1 S·3KiB Q·96
03:42:55.589678 table@build created L1@69 N·33 S·1KiB "0,v2":"las..dex,v96"
03:42:55.589735 version@stat F·[0 1] S·1KiB[0B 1KiB] Sc·[0.00 0.00]
03:42:55.592426 table@compaction committed F-14 S-2KiB Ke·0 D·14 T·4.138868ms
03:42:55.592579 table@remove removed @68
03:42:55.592681 table@remove removed @67
03:42:55.592789 table@remove removed @66
03:42:55.592884 table@remove removed @65
03:42:55.592960 table@remove removed @64
03:42:55.593028 table@remove removed @63
03:42:55.593098 table@remove removed @62
03:42:55.593164 table@remove removed @61
03:42:55.593239 table@remove removed @60
03:42:55.593347 table@remove removed @59
03:42:55.593420 table@remove removed @58
03:42:55.593486 table@remove removed @57
03:42:55.593642 table@remove removed @56
03:42:55.593761 table@remove removed @55
03:42:55.593889 table@remove removed @54
03:42:55.596220 transaction@flush created L0@70 N·1 S·126B "las..dex,v97":"las..dex,v97"
03:42:55.596250 version@stat F·[1 1] S·1KiB[126B 1KiB] Sc·[0.25 0.00]
03:42:55.597137 transaction@flush created L0@71 N·2 S·301B "32,v98":"las..dex,v99"
03:42:55.597165 version@stat F·[2 1] S·1KiB[427B 1KiB] Sc·[0.50 0.00]
03:42:55.597653 transaction@flush created L0@72 N·1 S·126B "las..dex,v100":"las..dex,v100"
03:42:55.597744 version@stat F·[3 1] S·1KiB[553B 1KiB] Sc·[0.75 0.00]
03:42:55.598458 transaction@flush created L0@73 N·2 S·301B "33,v101":"las..dex,v102"
03:42:55.598539 version@stat F·[4 1] S·1KiB[854B 1KiB] Sc·[1.00 0.00]
03:42:55.599065 transaction@flush created L0@74 N·1 S·126B "las..dex,v103":"las..dex,v103"
03:42:55.599094 version@stat F·[5 1] S·2KiB[980B 1KiB] Sc·[1.25 0.00]
03:42:55.600064 transaction@flush created L0@75 N·2 S·301B "34,v104":"las..dex,v105"
03:42:55.600095 version@stat F·[6 1] S·2KiB[1KiB 1KiB] Sc·[1.50 0.00]
03:42:55.602738 transaction@flush created L0@76 N·1 S·126B "las..dex,v106":"las..dex,v106"
03:42:55.602779 version@stat F·[7 1] S·2KiB[1KiB 1KiB] Sc·[1.75 0.00]
03:42:55.603377 transaction@flush created L0@77 N·2 S·301B "35,v107":"las..dex,v108"
03:42:55.603421 version@stat F·[8 1] S·2KiB[1KiB 1KiB] Sc·[2.00 0.00]
03:42:55.604309 transaction@flush created L0@78 N·1 S·126B "las..dex,v109":"las..dex,v109"
03:42:55.604341 version@stat F·[9 1] S·2KiB[1KiB 1KiB] Sc·[2.25 0.00]
03:42:55.606361 transaction@flush created L0@79 N·2 S·301B "36,v110":"las..dex,v111"
03:42:55.606412 version@stat F·[10 1] S·3KiB[2KiB 1KiB] Sc·[2.50 0.00]
03:42:55.607167 transaction@flush created L0@80 N·1 S·126B "las..dex,v112":"las..dex,v112"
03:42:55.607201 version@stat F·[11 1] S·3KiB[2KiB 1KiB] Sc·[2.75 0.00]
03:42:55.608099 transaction@flush created L0@81 N·2 S·301B "37,v113":"las..dex,v114"
03:42:55.608205 version@stat F·[12 1] S·3KiB[2KiB 1KiB] Sc·[3.00 0.00]
03:42:55.610299 table@compaction L0·12 -> L1·1 S·3KiB Q·114
03:42:55.611863 table@build created L1@82 N·39 S·1KiB "0,v2":"las..dex,v114"
03:42:55.611984 version@stat F·[0 1] S·1KiB[0B 1KiB] Sc·[0.00 0.00]
03:42:55.612180 table@compaction committed F-12 S-2KiB Ke·0 D·12 T·1.801125ms
03:42:55.612300 table@remove removed @81
03:42:55.612501 table@remove removed @80
03:42:55.612578 table@remove removed @79
03:42:55.612724 table@remove removed @78
03:42:55.612877 table@remove removed @77
03:42:55.613059 table@remove removed @76
03:42:55.613132 table@remove removed @75
03:42:55.613218 table@remove removed @74
03:42:55.613310 table@remove removed @73
03:42:55.613379 table@remove removed @72
03:42:55.613452 table@remove removed @71
03:42:55.613531 table@remove removed @70
03:42:55.613598 table@remove removed @69
03:42:55.633112 transaction@flush created L0@83 N·1 S·126B "las..dex,v115":"las..dex,v115"
03:42:55.633142 version@stat F·[1 1] S·1KiB[126B 1KiB] Sc·[0.25 0.00]
03:42:55.633664 transaction@flush created L0@84 N·2 S·301B "38,v116":"las..dex,v117"
03:42:55.633694 version@stat F·[2 1] S·1KiB[427B 1KiB] Sc·[0.50 0.00]
03:42:55.634203 transaction@flush created L0@85 N·1 S·126B "las..dex,v118":"las..dex,v118"
03:42:55.634245 version@stat F·[3 1] S·1KiB[553B 1KiB] Sc·[0.75 0.00]
03:42:55.634955 transaction@flush created L0@86 N·2 S·301B "39,v119":"las..dex,v120"
03:42:55.635003 version@stat F·[4 1] S·1KiB[854B 1KiB] Sc·[1.00 0.00]
03:42:55.635516 transaction@flush created L0@87 N·1 S·126B "las..dex,v121":"las..dex,v121"
03:42:55.635547 version@stat F·[5 1] S·2KiB[980B 1KiB] Sc·[1.25 0.00]
03:42:55.636116 transaction@flush created L0@88 N·2 S·301B "40,v122":"las..dex,v123"
03:42:55.636147 version@stat F·[6 1] S·2KiB[1KiB 1KiB] Sc·[1.50 0.00]
03:42:55.636664 transaction@flush created L0@89 N·1 S·126B "las..dex,v124":"las..dex,v124"
03:42:55.636695 version@stat F·[7 1] S·2KiB[1KiB 1KiB] Sc·[1.75 0.00]
03:42:55.637200 transaction@flush created L0@90 N·2 S·301B "41,v125":"las..dex,v126"
03:42:55.637232 version@stat F·[8 1] S·2KiB[1KiB 1KiB] Sc·[2.00 0.00]
03:42:55.637769 transaction@flush created L0@91 N·1 S·126B "las..dex,v127":"las..dex,v127"
03:42:55.637799 version@stat F·[9 1] S·2KiB[1KiB 1KiB] Sc·[2.25 0.00]
03:42:55.638418 transaction@flush created L0@92 N·2 S·301B "42,v128":"las..dex,v129"
03:42:55.638451 version@stat F·[10 1] S·3KiB[2KiB 1KiB] Sc·[2.50 0.00]
03:42:55.639005 transaction@flush created L0@93 N·1 S·126B "las..dex,v130":"las..dex,v130"
03:42:55.639045 version@stat F·[11 1] S·3KiB[2KiB 1KiB] Sc·[2.75 0.00]
03:42:55.639537 transaction@flush created L0@94 N·2 S·301B "43,v131":"las..dex,v132"
03:42:55.639570 version@stat F·[12 1] S·3KiB[2KiB 1KiB] Sc·[3.00 0.00]
03:42:55.640128 transaction@flush created L0@95 N·1 S·126B "las..dex,v133":"las..dex,v133"
03:42:55.640193 version@stat F·[13 1] S·3KiB[2KiB 1KiB] Sc·[3.25 0.00]
03:42:55.640726 transaction@flush created L0@96 N·2 S·301B "44,v134":"las..dex,v135"
03:42:55.640758 version@stat F·[14 1] S·4KiB[2KiB 1KiB] Sc·[3.50 0.00]
03:42:55.641257 transaction@flush created L0@97 N·1 S·126B "las..dex,v136":"las..dex,v136"
03:42:55.641288 version@stat F·[15 1] S·4KiB[3KiB 1KiB] Sc·[3.75 0.00]
03:42:55.641974 transaction@flush created L0@98 N·2 S·301B "45,v137":"las..dex,v138"
03:42:55.642020 version@stat F·[16 1] S·4KiB[3KiB 1KiB] Sc·[4.00 0.00]
03:42:55.642685 transaction@flush created L0@99 N·1 S·126B "las..dex,v139":"las..dex,v139"
03:42:55.642729 version@stat F·[17 1] S·4KiB[3KiB 1KiB] Sc·[4.25 0.00]
03:42:55.643362 transaction@flush created L0@100 N·2 S·301B "46,v140":"las..dex,v141"
03:42:55.643400 version@stat F·[18 1] S·4KiB[3KiB 1KiB] Sc·[4.50 0.00]
03:42:55.643884 transaction@flush created L0@101 N·1 S·126B "las..dex,v142":"las..dex,v142"
03:42:55.643919 version@stat F·[19 1] S·5KiB[3KiB 1KiB] Sc·[4.75 0.00]
03:42:55.644458 transaction@flush created L0@102 N·2 S·301B "47,v143":"las..dex,v144"
03:42:55.644493 version@stat F·[20 1] S·5KiB[4KiB 1KiB] Sc·[5.00 0.00]
03:42:55.645158 transaction@flush created L0@103 N·1 S·126B "las..dex,v145":"las..dex,v145"
03:42:55.645212 version@stat F·[21 1] S·5KiB[4KiB 1KiB] Sc·[5.25 0.00]
03:42:55.645835 transaction@flush created L0@104 N·2 S·301B "48,v146":"las..dex,v147"
03:42:55.645884 version@stat F·[22 1] S·5KiB[4KiB 1KiB] Sc·[5.50 0.00]
03:42:55.646466 transaction@flush created L0@105 N·1 S·126B "las..dex,v148":"las..dex,v148"
03:42:55.646498 version@stat F·[23 1] S·5KiB[4KiB 1KiB] Sc·[5.75 0.00]
03:42:55.647010 transaction@flush created L0@106 N·2 S·301B "49,v149":"las..dex,v150"
03:42:55.647044 version@stat F·[24 1] S·6KiB[5KiB 1KiB] Sc·[6.00 0.00]
03:42:55.647600 transaction@flush created L0@107 N·1 S·126B "las..dex,v151":"las..dex,v151"
03:42:55.647631 version@stat F·[25 1] S·6KiB[5KiB 1KiB] Sc·[6.25 0.00]
03:42:55.648259 transaction@flush created L0@108 N·2 S·301B "50,v152":"las..dex,v153"
03:42:55.648305 version@stat F·[26 1] S·6KiB[5KiB 1KiB] Sc·[6.50 0.00]
03:42:55.649070 transaction@flush created L0@109 N·1 S·126B "las..dex,v154":"las..dex,v154"
03:42:55.649106 version@stat F·[27 1] S·6KiB[5KiB 1KiB] Sc·[6.75 0.00]
03:42:55.649739 transaction@flush created L0@110 N·2 S·301B "51,v155":"las..dex,v156"
03:42:55.649788 version@stat F·[28 1] S·6KiB[5KiB 1KiB] Sc·[7.00 0.00]
03:42:55.650336 transaction@flush created L0@111 N·1 S·126B "las..dex,v157":"las..dex,v157"
03:42:55.650381 version@stat F·[29 1] S·7KiB[5KiB 1KiB] Sc·[7.25 0.00]
03:42:55.650927 transaction@flush created L0@112 N·2 S·301B "52,v158":"las..dex,v159"
03:42:55.650961 version@stat F·[30 1] S·7KiB[6KiB 1KiB] Sc·[7.50 0.00]
03:42:55.651467 transaction@flush created L0@113 N·1 S·126B "las..dex,v160":"las..dex,v160"
03:42:55.651505 version@stat F·[31 1] S·7KiB[6KiB 1KiB] Sc·[7.75 0.00]
03:42:55.652130 transaction@flush created L0@114 N·2 S·301B "53,v161":"las..dex,v162"
03:42:55.652166 version@stat F·[32 1] S·7KiB[6KiB 1KiB] Sc·[8.00 0.00]
03:42:55.652765 transaction@flush created L0@115 N·1 S·126B "las..dex,v163":"las..dex,v163"
03:42:55.652799 version@stat F·[33 1] S·7KiB[6KiB 1KiB] Sc·[8.25 0.00]
03:42:55.653373 transaction@flush created L0@116 N·2 S·301B "54,v164":"las..dex,v165"
03:42:55.653411 version@stat F·[34 1] S·8KiB[7KiB 1KiB] Sc·[8.50 0.00]
03:42:55.653943 transaction@flush created L0@117 N·1 S·126B "las..dex,v166":"las..dex,v166"
03:42:55.654029 version@stat F·[35 1] S·8KiB[7KiB 1KiB] Sc·[8.75 0.00]
03:42:55.654544 transaction@flush created L0@118 N·2 S·301B "55,v167":"las..dex,v168"
03:42:55.654581 version@stat F·[36 1] S·8KiB[7KiB 1KiB] Sc·[9.00 0.00]
03:42:55.655126 transaction@flush created L0@119 N·1 S·126B "las..dex,v169":"las..dex,v169"
03:42:55.655160 version@stat F·[37 1] S·8KiB[7KiB 1KiB] Sc·[9.25 0.00]
03:42:55.655808 transaction@flush created L0@120 N·2 S·301B "56,v170":"las..dex,v171"
03:42:55.655859 version@stat F·[38 1] S·9KiB[7KiB 1KiB] Sc·[9.50 0.00]
03:42:55.656439 transaction@flush created L0@121 N·1 S·126B "las..dex,v172":"las..dex,v172"
03:42:55.656474 version@stat F·[39 1] S·9KiB[8KiB 1KiB] Sc·[9.75 0.00]
03:42:55.657131 transaction@flush created L0@122 N·2 S·301B "57,v173":"las..dex,v174"
03:42:55.657167 version@stat F·[40 1] S·9KiB[8KiB 1KiB] Sc·[10.00 0.00]
03:42:55.657755 transaction@flush created L0@123 N·1 S·126B "las..dex,v175":"las..dex,v175"
03:42:55.657801 version@stat F·[41 1] S·9KiB[8KiB 1KiB] Sc·[10.25 0.00]
03:42:55.658416 transaction@flush created L0@124 N·2 S·301B "58,v176":"las..dex,v177"
03:42:55.658469 version@stat F·[42 1] S·9KiB[8KiB 1KiB] Sc·[10.50 0.00]
03:42:55.659047 transaction@flush created L0@125 N·1 S·126B "las..dex,v178":"las..dex,v178"
03:42:55.659088 version@stat F·[43 1] S·10KiB[8KiB 1KiB] Sc·[10.75 0.00]
03:42:55.659658 transaction@flush created L0@126 N·2 S·301B "59,v179":"las..dex,v180"
03:42:55.659702 version@stat F·[44 1] S·10KiB[9KiB 1KiB] Sc·[11.00 0.00]
03:42:55.660336 transaction@flush created L0@127 N·1 S·126B "las..dex,v181":"las..dex,v181"
03:42:55.660385 version@stat F·[45 1] S·10KiB[9KiB 1KiB] Sc·[11.25 0.00]
03:42:55.661210 transaction@flush created L0@128 N·2 S·301B "60,v182":"las..dex,v183"
03:42:55.661255 version@stat F·[46 1] S·10KiB[9KiB 1KiB] Sc·[11.50 0.00]
03:42:55.661796 transaction@flush created L0@129 N·1 S·126B "las..dex,v184":"las..dex,v184"
03:42:55.661839 version@stat F·[47 1] S·10KiB[9KiB 1KiB] Sc·[11.75 0.00]
03:42:55.662412 transaction@flush created L0@130 N·2 S·301B "61,v185":"las..dex,v186"
03:42:55.662449 version@stat F·[48 1] S·11KiB[10KiB 1KiB] Sc·[12.00 0.00]
03:42:55.663257 transaction@flush created L0@131 N·1 S·126B "las..dex,v187":"las..dex,v187"
03:42:55.663293 version@stat F·[49 1] S·11KiB[10KiB 1KiB] Sc·[12.25 0.00]
03:42:55.663928 transaction@flush created L0@132 N·2 S·301B "62,v188":"las..dex,v189"
03:42:55.663967 version@stat F·[50 1] S·11KiB[10KiB 1KiB] Sc·[12.50 0.00]
03:42:55.664706 transaction@flush created L0@133 N·1 S·126B "las..dex,v190":"las..dex,v190"
03:42:55.664776 version@stat F·[51 1] S·11KiB[10KiB 1KiB] Sc·[12.75 0.00]
03:42:55.665319 transaction@flush created L0@134 N·2 S·301B "63,v191":"las..dex,v192"
03:42:55.665354 version@stat F·[52 1] S·11KiB[10KiB 1KiB] Sc·[13.00 0.00]
03:42:55.665917 transaction@flush created L0@135 N·1 S·126B "las..dex,v193":"las..dex,v193"
03:42:55.665969 version@stat F·[53 1] S·12KiB[10KiB 1KiB] Sc·[13.25 0.00]
03:42:55.666543 transaction@flush created L0@136 N·2 S·301B "64,v194":"las..dex,v195"
03:42:55.666581 version@stat F·[54 1] S·12KiB[11KiB 1KiB] Sc·[13.50 0.00]
03:42:55.667149 transaction@flush created L0@137 N·1 S·126B "las..dex,v196":"las..dex,v196"
03:42:55.667186 version@stat F·[55 1] S·12KiB[11KiB 1KiB] Sc·[13.75 0.00]
03:42:55.667808 transaction@flush created L0@138 N·2 S·301B "65,v197":"las..dex,v198"
03:42:55.667852 version@stat F·[56 1] S·12KiB[11KiB 1KiB] Sc·[14.00 0.00]
03:42:55.668395 transaction@flush created L0@139 N·1 S·126B "las..dex,v199":"las..dex,v199"
03:42:55.668446 version@stat F·[57 1] S·12KiB[11KiB 1KiB] Sc·[14.25 0.00]
03:42:55.669536 transaction@flush created L0@140 N·2 S·301B "66,v200":"las..dex,v201"
03:42:55.669576 version@stat F·[58 1] S·13KiB[12KiB 1KiB] Sc·[14.50 0.00]
03:42:55.670192 transaction@flush created L0@141 N·1 S·126B "las..dex,v202":"las..dex,v202"
03:42:55.670231 version@stat F·[59 1] S·13KiB[12KiB 1KiB] Sc·[14.75 0.00]
03:42:55.671173 transaction@flush created L0@142 N·2 S·301B "67,v203":"las..dex,v204"
03:42:55.671222 version@stat F·[60 1] S·13KiB[12KiB 1KiB] Sc·[15.00 0.00]
03:42:55.671980 transaction@flush created L0@143 N·1 S·126B "las..dex,v205":"las..dex,v205"
03:42:55.672325 version@stat F·[61 1] S·13KiB[12KiB 1KiB] Sc·[15.25 0.00]
03:42:55.675723 transaction@flush created L0@144 N·2 S·301B "68,v206":"las..dex,v207"
03:42:55.675798 version@stat F·[62 1] S·14KiB[12KiB 1KiB] Sc·[15.50 0.00]
03:42:55.678824 transaction@flush created L0@145 N·1 S·126B "las..dex,v208":"las..dex,v208"
03:42:55.678924 version@stat F·[63 1] S·14KiB[13KiB 1KiB] Sc·[15.75 0.00]
03:42:55.680583 transaction@flush created L0@146 N·2 S·301B "69,v209":"las..dex,v210"
03:42:55.680717 version@stat F·[64 1] S·14KiB[13KiB 1KiB] Sc·[16.00 0.00]
03:42:55.681771 transaction@flush created L0@147 N·1 S·126B "las..dex,v211":"las..dex,v211"
03:42:55.681818 version@stat F·[65 1] S·14KiB[13KiB 1KiB] Sc·[16.25 0.00]
03:42:55.682592 transaction@flush created L0@148 N·2 S·301B "70,v212":"las..dex,v213"
03:42:55.682643 version@stat F·[66 1] S·14KiB[13KiB 1KiB] Sc·[16.50 0.00]
03:42:55.683453 transaction@flush created L0@149 N·1 S·126B "las..dex,v214":"las..dex,v214"
03:42:55.683504 version@stat F·[67 1] S·15KiB[13KiB 1KiB] Sc·[16.75 0.00]
03:42:55.685976 transaction@flush created L0@150 N·2 S·301B "71,v215":"las..dex,v216"
03:42:55.686272 version@stat F·[68 1] S·15KiB[14KiB 1KiB] Sc·[17.00 0.00]
03:42:55.687789 transaction@flush created L0@151 N·1 S·126B "las..dex,v217":"las..dex,v217"
03:42:55.687842 version@stat F·[69 1] S·15KiB[14KiB 1KiB] Sc·[17.25 0.00]
03:42:55.688640 transaction@flush created L0@152 N·2 S·301B "72,v218":"las..dex,v219"
03:42:55.688712 version@stat F·[70 1] S·15KiB[14KiB 1KiB] Sc·[17.50 0.00]
03:42:55.689276 transaction@flush created L0@153 N·1 S·126B "las..dex,v220":"las..dex,v220"
03:42:55.689334 version@stat F·[71 1] S·15KiB[14KiB 1KiB] Sc·[17.75 0.00]
03:42:55.689925 transaction@flush created L0@154 N·2 S·301B "73,v221":"las..dex,v222"
03:42:55.689977 version@stat F·[72 1] S·16KiB[15KiB 1KiB] Sc·[18.00 0.00]
03:42:55.691198 transaction@flush created L0@155 N·1 S·126B "las..dex,v223":"las..dex,v223"
03:42:55.691377 version@stat F·[73 1] S·16KiB[15KiB 1KiB] Sc·[18.25 0.00]
03:42:55.692090 transaction@flush created L0@156 N·2 S·301B "74,v224":"las..dex,v225"
03:42:55.692161 version@stat F·[74 1] S·16KiB[15KiB 1KiB] Sc·[18.50 0.00]
03:42:55.692776 transaction@flush created L0@157 N·1 S·126B "las..dex,v226":"las..dex,v226"
03:42:55.692829 version@stat F·[75 1] S·16KiB[15KiB 1KiB] Sc·[18.75 0.00]
03:42:55.693420 transaction@flush created L0@158 N·2 S·301B "75,v227":"las..dex,v228"
03:42:55.693471 version@stat F·[76 1] S·16KiB[15KiB 1KiB] Sc·[19.00 0.00]
03:42:55.693953 transaction@flush created L0@159 N·1 S·126B "las..dex,v229":"las..dex,v229"
03:42:55.694000 version@stat F·[77 1] S·17KiB[15KiB 1KiB] Sc·[19.25 0.00]
03:42:55.694831 transaction@flush created L0@160 N·2 S·301B "76,v230":"las..dex,v231"
03:42:55.694909 version@stat F·[78 1] S·17KiB[16KiB 1KiB] Sc·[19.50 0.00]
03:42:55.695946 transaction@flush created L0@161 N·1 S·126B "las..dex,v232":"las..dex,v232"
03:42:55.695995 version@stat F·[79 1] S·17KiB[16KiB 1KiB] Sc·[19.75 0.00]
03:42:55.697013 transaction@flush created L0@162 N·2 S·301B "77,v233":"las..dex,v234"
03:42:55.697067 version@stat F·[80 1] S·17KiB[16KiB 1KiB] Sc·[20.00 0.00]
03:42:55.698386 transaction@flush created L0@163 N·1 S·126B "las..dex,v235":"las..dex,v235"
03:42:55.698465 version@stat F·[81 1] S·17KiB[16KiB 1KiB] Sc·[20.25 0.00]
03:42:55.699339 transaction@flush created L0@164 N·2 S·301B "78,v236":"las..dex,v237"
03:42:55.699391 version@stat F·[82 1] S·18KiB[17KiB 1KiB] Sc·[20.50 0.00]
03:42:55.700343 table@compaction L0·82 -> L1·1 S·18KiB Q·237
03:42:55.706862 table@build created L1@165 N·80 S·2KiB "0,v2":"las..dex,v237"
03:42:55.707024 version@stat F·[0 1] S·2KiB[0B 2KiB] Sc·[0.00 0.00]
03:42:55.707540 table@compaction committed F-82 S-16KiB Ke·0 D·82 T·7.163103ms
03:42:55.707946 table@remove removed @164
03:42:55.709006 table@remove removed @163
03:42:55.709183 table@remove removed @162
03:42:55.709285 table@remove removed @161
03:42:55.709550 table@remove removed @160
03:42:55.709755 table@remove removed @159
03:42:55.710037 table@remove removed @158
03:42:55.710139 table@remove removed @157
03:42:55.710311 table@remove removed @156
03:42:55.710608 table@remove removed @155
03:42:55.710720 table@remove removed @154
03:42:55.710931 table@remove removed @153
03:42:55.711011 table@remove removed @152
03:42:55.711095 table@remove removed @151
03:42:55.711197 table@remove removed @150
03:42:55.711308 table@remove removed @149
03:42:55.711439 table@remove removed @148
03:42:55.711555 table@remove removed @147
03:42:55.711625 table@remove removed @146
03:42:55.711728 table@remove removed @145
03:42:55.711831 table@remove removed @144
03:42:55.711970 table@remove removed @143
03:42:55.712242 table@remove removed @142
03:42:55.712374 table@remove removed @141
03:42:55.712457 table@remove removed @140
03:42:55.712584 table@remove removed @139
03:42:55.712803 table@remove removed @138
03:42:55.713063 table@remove removed @137
03:42:55.713288 table@remove removed @136
03:42:55.713615 table@remove removed @135
03:42:55.713732 table@remove removed @134
03:42:55.713845 table@remove removed @133
03:42:55.714123 table@remove removed @132
03:42:55.714358 table@remove removed @131
03:42:55.715508 table@remove removed @130
03:42:55.715751 table@remove removed @129
03:42:55.716172 table@remove removed @128
03:42:55.716428 table@remove removed @127
03:42:55.717412 table@remove removed @126
03:42:55.717999 table@remove removed @125
03:42:55.718366 table@remove removed @124
03:42:55.728049 table@remove removed @123
03:42:55.736407 table@remove removed @122
03:42:55.739356 table@remove removed @121
03:42:55.743339 table@remove removed @120
03:42:55.743585 table@remove removed @119
03:42:55.743659 table@remove removed @118
03:42:55.745406 table@remove removed @117
03:42:55.745479 table@remove removed @116
03:42:55.745569 table@remove removed @115
03:42:55.745876 table@remove removed @114
03:42:55.746767 table@remove removed @113
03:42:55.746882 table@remove removed @112
03:42:55.746976 table@remove removed @111
03:42:55.747091 table@remove removed @110
03:42:55.747165 table@remove removed @109
03:42:55.747241 table@remove removed @108
03:42:55.747346 table@remove removed @107
03:42:55.747585 table@remove removed @106
03:42:55.747697 table@remove removed @105
03:42:55.748346 table@remove removed @104
03:42:55.748498 table@remove removed @103
03:42:55.748632 table@remove removed @102
03:42:55.748918 table@remove removed @101
03:42:55.749650 table@remove removed @100
03:42:55.749770 table@remove removed @99
03:42:55.749862 table@remove removed @98
03:42:55.749947 table@remove removed @97
03:42:55.750016 table@remove removed @96
03:42:55.750120 table@remove removed @95
03:42:55.750254 table@remove removed @94
03:42:55.750741 table@remove removed @93
03:42:55.751377 table@remove removed @92
03:42:55.751453 table@remove removed @91
03:42:55.751716 table@remove removed @90
03:42:55.751792 table@remove removed @89
03:42:55.751882 table@remove removed @88
03:42:55.753887 table@remove removed @87
03:42:55.754408 table@remove removed @86
03:42:55.754537 table@remove removed @85
03:42:55.755529 table@remove removed @84
03:42:55.755673 table@remove removed @83
03:42:55.756172 table@remove removed @82
03:42:55.778348 transaction@flush created L0@166 N·1 S·126B "las..dex,v238":"las..dex,v238"
03:42:55.778387 version@stat F·[1 1] S·2KiB[126B 2KiB] Sc·[0.25 0.00]
03:42:55.779322 transaction@flush created L0@167 N·2 S·301B "79,v239":"las..dex,v240"
03:42:55.779356 version@stat F·[2 1] S·2KiB[427B 2KiB] Sc·[0.50 0.00]
03:42:55.787723 transaction@flush created L0@168 N·1 S·126B "las..dex,v241":"las..dex,v241"
03:42:55.787787 version@stat F·[3 1] S·2KiB[553B 2KiB] Sc·[0.75 0.00]
03:42:55.791580 transaction@flush created L0@169 N·2 S·301B "80,v242":"las..dex,v243"
03:42:55.791778 version@stat F·[4 1] S·3KiB[854B 2KiB] Sc·[1.00 0.00]
03:42:55.792528 table@compaction L0·4 -> L1·1 S·3KiB Q·243
03:42:55.795465 table@build created L1@170 N·82 S·2KiB "0,v2":"las..dex,v243"
03:42:55.795635 version@stat F·[0 1] S·2KiB[0B 2KiB] Sc·[0.00 0.00]
03:42:55.795978 table@compaction committed F-4 S-819B Ke·0 D·4 T·3.408618ms
03:42:55.796147 table@remove removed @169
03:42:55.796255 table@remove removed @168
03:42:55.796419 table@remove removed @167
03:42:55.796517 table@remove removed @166
03:42:55.796601 table@remove removed @165
03:42:55.800298 transaction@flush created L0@171 N·1 S·126B "las..dex,v244":"las..dex,v244"
03:42:55.800329 version@stat F·[1 1] S·2KiB[126B 2KiB] Sc·[0.25 0.00]
03:42:55.801005 transaction@flush created L0@172 N·2 S·301B "81,v245":"las..dex,v246"
03:42:55.801066 version@stat F·[2 1] S·2KiB[427B 2KiB] Sc·[0.50 0.00]
03:42:55.803252 transaction@flush created L0@173 N·1 S·126B "las..dex,v247":"las..dex,v247"
03:42:55.803297 version@stat F·[3 1] S·2KiB[553B 2KiB] Sc·[0.75 0.00]
03:42:55.804619 transaction@flush created L0@174 N·2 S·301B "82,v248":"las..dex,v249"
03:42:55.804652 version@stat F·[4 1] S·3KiB[854B 2KiB] Sc·[1.00 0.00]
03:42:55.804882 table@compaction L0·4 -> L1·1 S·3KiB Q·249
03:42:55.806013 table@build created L1@175 N·84 S·2KiB "0,v2":"las..dex,v249"
03:42:55.806092 version@stat F·[0 1] S·2KiB[0B 2KiB] Sc·[0.00 0.00]
03:42:55.806246 table@compaction committed F-4 S-820B Ke·0 D·4 T·1.339266ms
03:42:55.806327 table@remove removed @174
03:42:55.806398 table@remove removed @173
03:42:55.806463 table@remove removed @172
03:42:55.806558 table@remove removed @171
03:42:55.806650 table@remove removed @170
03:42:55.814112 transaction@flush created L0@176 N·1 S·126B "las..dex,v250":"las..dex,v250"
03:42:55.814204 version@stat F·[1 1] S·2KiB[126B 2KiB] Sc·[0.25 0.00]
03:42:55.815141 transaction@flush created L0@177 N·2 S·301B "83,v251":"las..dex,v252"
03:42:55.815202 version@stat F·[2 1] S·2KiB[427B 2KiB] Sc·[0.50 0.00]
03:42:55.816022 transaction@flush created L0@178 N·1 S·126B "las..dex,v253":"las..dex,v253"
03:42:55.816070 version@stat F·[3 1] S·2KiB[553B 2KiB] Sc·[0.75 0.00]
03:42:55.824349 transaction@flush created L0@179 N·2 S·301B "84,v254":"las..dex,v255"
03:42:55.824701 version@stat F·[4 1] S·3KiB[854B 2KiB] Sc·[1.00 0.00]
03:42:55.828601 transaction@flush created L0@180 N·1 S·126B "las..dex,v256":"las..dex,v256"
03:42:55.828644 version@stat F·[5 1] S·3KiB[980B 2KiB] Sc·[1.25 0.00]
03:42:55.829505 transaction@flush created L0@181 N·2 S·302B "85,v257":"las..dex,v258"
03:42:55.829589 version@stat F·[6 1] S·3KiB[1KiB 2KiB] Sc·[1.50 0.00]
03:42:55.830021 table@compaction L0·6 -> L1·1 S·3KiB Q·258
03:42:55.831066 table@build created L1@182 N·87 S·2KiB "0,v2":"las..dex,v258"
03:42:55.831109 version@stat F·[0 1] S·2KiB[0B 2KiB] Sc·[0.00 0.00]
03:42:55.831270 table@compaction committed F-6 S-1KiB Ke·0 D·6 T·1.220909ms
03:42:55.831390 table@remove removed @181
03:42:55.831508 table@remove removed @180
03:42:55.831607 table@remove removed @179
03:42:55.831943 table@remove removed @178
03:42:55.832028 table@remove removed @177
03:42:55.832117 table@remove removed @176
03:42:55.832182 table@remove removed @175
03:42:55.834132 transaction@flush created L0@183 N·1 S·126B "las..dex,v259":"las..dex,v259"
03:42:55.834164 version@stat F·[1 1] S·2KiB[126B 2KiB] Sc·[0.25 0.00]
03:42:55.834902 transaction@flush created L0@184 N·2 S·302B "86,v260":"las..dex,v261"
03:42:55.835176 version@stat F·[2 1] S·2KiB[428B 2KiB] Sc·[0.50 0.00]
03:42:55.837497 transaction@flush created L0@185 N·1 S·126B "las..dex,v262":"las..dex,v262"
03:42:55.837548 version@stat F·[3 1] S·2KiB[554B 2KiB] Sc·[0.75 0.00]
03:42:55.838087 transaction@flush created L0@186 N·2 S·302B "87,v263":"las..dex,v264"
03:42:55.838118 version@stat F·[4 1] S·3KiB[856B 2KiB] Sc·[1.00 0.00]
03:42:55.838337 table@compaction L0·4 -> L1·1 S·3KiB Q·264
03:42:55.839897 table@build created L1@187 N·89 S·2KiB "0,v2":"las..dex,v264"
03:42:55.839946 version@stat F·[0 1] S·2KiB[0B 2KiB] Sc·[0.00 0.00]
03:42:55.840130 table@compaction committed F-4 S-826B Ke·0 D·4 T·1.76614ms
03:42:55.840249 table@remove removed @186
03:42:55.840343 table@remove removed @185
03:42:55.840434 table@remove removed @184
03:42:55.840525 table@remove removed @183
03:42:55.840604 table@remove removed @182
03:42:55.868144 transaction@flush created L0@188 N·1 S·126B "las..dex,v265":"las..dex,v265"
03:42:55.868194 version@stat F·[1 1] S·2KiB[126B 2KiB] Sc·[0.25 0.00]
03:42:55.868760 transaction@flush created L0@189 N·2 S·302B "88,v266":"las..dex,v267"
03:42:55.868792 version@stat F·[2 1] S·2KiB[428B 2KiB] Sc·[0.50 0.00]
03:42:55.876909 transaction@flush created L0@190 N·1 S·126B "las..dex,v268":"las..dex,v268"
03:42:55.876943 version@stat F·[3 1] S·2KiB[554B 2KiB] Sc·[0.75 0.00]
03:42:55.877653 transaction@flush created L0@191 N·2 S·302B "89,v269":"las..dex,v270"
03:42:55.877701 version@stat F·[4 1] S·3KiB[856B 2KiB] Sc·[1.00 0.00]
03:42:55.877915 table@compaction L0·4 -> L1·1 S·3KiB Q·270
03:42:55.878747 table@build created L1@192 N·91 S·2KiB "0,v2":"las..dex,v270"
03:42:55.878792 version@stat F·[0 1] S·2KiB[0B 2KiB] Sc·[0.00 0.00]
03:42:55.878969 table@compaction committed F-4 S-818B Ke·0 D·4 T·1.029234ms
03:42:55.879093 table@remove removed @191
03:42:55.879200 table@remove removed @190
03:42:55.879334 table@remove removed @189
03:42:55.879403 table@remove removed @188
03:42:55.879528 table@remove removed @187
03:42:55.883353 transaction@flush created L0@193 N·1 S·126B "las..dex,v271":"las..dex,v271"
03:42:55.883392 version@stat F·[1 1] S·2KiB[126B 2KiB] Sc·[0.25 0.00]
03:42:55.883986 transaction@flush created L0@194 N·2 S·302B "90,v272":"las..dex,v273"
