=============== May 1, 2016 (IST) ===============
03:42:54.488553 log@legend F·NumFile S·FileSize N·Entry C·BadEntry B·BadBlock Ke·KeyError D·DroppedEntry L·Level Q·SeqNum T·TimeElapsed
03:42:54.489073 db@open opening
03:42:54.489581 version@stat F·[] S·0B[] Sc·[]
03:42:54.489895 db@janitor F·2 G·0
03:42:54.489974 db@open done T·882.869µs
03:42:55.510240 transaction@flush created L0@2 N·1 S·126B "las..dex,v1":"las..dex,v1"
03:42:55.510307 version@stat F·[1] S·126B[126B] Sc·[0.25]
03:42:55.511035 transaction@flush created L0@3 N·2 S·298B "0,v2":"las..dex,v3"
03:42:55.511093 version@stat F·[2] S·424B[424B] Sc·[0.50]
03:42:55.512808 transaction@flush created L0@4 N·1 S·125B "las..dex,v4":"las..dex,v4"
03:42:55.512840 version@stat F·[3] S·549B[549B] Sc·[0.75]
03:42:55.513650 transaction@flush created L0@5 N·2 S·298B "1,v5":"las..dex,v6"
03:42:55.513674 version@stat F·[4] S·847B[847B] Sc·[1.00]
03:42:55.514209 transaction@flush created L0@6 N·1 S·125B "las..dex,v7":"las..dex,v7"
03:42:55.514235 version@stat F·[5] S·972B[972B] Sc·[1.25]
03:42:55.514948 transaction@flush created L0@7 N·2 S·298B "2,v8":"las..dex,v9"
03:42:55.514973 version@stat F·[6] S·1KiB[1KiB] Sc·[1.50]
03:42:55.515505 transaction@flush created L0@8 N·1 S·125B "las..dex,v10":"las..dex,v10"
03:42:55.515531 version@stat F·[7] S·1KiB[1KiB] Sc·[1.75]
03:42:55.516082 transaction@flush created L0@9 N·2 S·298B "3,v11":"las..dex,v12"
03:42:55.516118 version@stat F·[8] S·1KiB[1KiB] Sc·[2.00]
03:42:55.516674 transaction@flush created L0@10 N·1 S·125B "las..dex,v13":"las..dex,v13"
03:42:55.516700 version@stat F·[9] S·1KiB[1KiB] Sc·[2.25]
03:42:55.517452 transaction@flush created L0@11 N·2 S·298B "4,v14":"las..dex,v15"
03:42:55.517489 version@stat F·[10] S·2KiB[2KiB] Sc·[2.50]
03:42:55.518106 transaction@flush created L0@12 N·1 S·125B "las..dex,v16":"las..dex,v16"
03:42:55.518129 version@stat F·[11] S·2KiB[2KiB] Sc·[2.75]
03:42:55.518731 transaction@flush created L0@13 N·2 S·298B "5,v17":"las..dex,v18"
03:42:55.518764 version@stat F·[12] S·2KiB[2KiB] Sc·[3.00]
03:42:55.519300 transaction@flush created L0@14 N·1 S·125B "las..dex,v19":"las..dex,v19"
03:42:55.519337 version@stat F·[13] S·2KiB[2KiB] Sc·[3.25]
03:42:55.520072 transaction@flush created L0@15 N·2 S·298B "6,v20":"las..dex,v21"
03:42:55.520101 version@stat F·[14] S·2KiB[2KiB] Sc·[3.50]
03:42:55.520370 table@compaction L0·14 -> L1·0 S·2KiB Q·21
03:42:55.521364 table@build created L1@16 N·8 S·412B "0,v2":"las..dex,v21"
03:42:55.521417 version@stat F·[0 1] S·412B[0B 412B] Sc·[0.00 0.00]
03:42:55.521655 table@compaction committed F-13 S-2KiB Ke·0 D·13 T·1.208502ms
03:42:55.521737 table@remove removed @15
03:42:55.521964 table@remove removed @14
03:42:55.522060 table@remove removed @13
03:42:55.522171 table@remove removed @12
03:42:55.522267 table@remove removed @11
03:42:55.522337 table@remove removed @10
03:42:55.522435 table@remove removed @9
03:42:55.522596 table@remove removed @8
03:42:55.522699 table@remove removed @7
03:42:55.522807 table@remove removed @6
03:42:55.522929 table@remove removed @5
03:42:55.522999 table@remove removed @4
03:42:55.523113 table@remove removed @3
03:42:55.523200 table@remove removed @2
03:42:55.523728 transaction@flush created L0@17 N·1 S·125B "las..dex,v22":"las..dex,v22"
03:42:55.523758 version@stat F·[1 1] S·537B[125B 412B] Sc·[0.25 0.00]
03:42:55.524600 transaction@flush created L0@18 N·2 S·298B "7,v23":"las..dex,v24"
03:42:55.524631 version@stat F·[2 1] S·835B[423B 412B] Sc·[0.50 0.00]
03:42:55.525260 transaction@flush created L0@19 N·1 S·125B "las..dex,v25":"las..dex,v25"
03:42:55.525291 version@stat F·[3 1] S·960B[548B 412B] Sc·[0.75 0.00]
03:42:55.525826 transaction@flush created L0@20 N·2 S·298B "8,v26":"las..dex,v27"
03:42:55.525857 version@stat F·[4 1] S·1KiB[846B 412B] Sc·[1.00 0.00]
03:42:55.526347 transaction@flush created L0@21 N·1 S·125B "las..dex,v28":"las..dex,v28"
03:42:55.526460 version@stat F·[5 1] S·1KiB[971B 412B] Sc·[1.25 0.00]
03:42:55.527124 transaction@flush created L0@22 N·2 S·299B "9,v29":"las..dex,v30"
03:42:55.527165 version@stat F·[6 1] S·1KiB[1KiB 412B] Sc·[1.50 0.00]
03:42:55.527789 transaction@flush created L0@23 N·1 S·125B "las..dex,v31":"las..dex,v31"
03:42:55.527819 version@stat F·[7 1] S·1KiB[1KiB 412B] Sc·[1.75 0.00]
03:42:55.528355 transaction@flush created L0@24 N·2 S·301B "10,v32":"las..dex,v33"
03:42:55.528386 version@stat F·[8 1] S·2KiB[1KiB 412B] Sc·[2.00 0.00]
03:42:55.528946 transaction@flush created L0@25 N·1 S·126B "las..dex,v34":"las..dex,v34"
03:42:55.528977 version@stat F·[9 1] S·2KiB[1KiB 412B] Sc·[2.25 0.00]
03:42:55.529682 transaction@flush created L0@26 N·2 S·301B "11,v35":"las..dex,v36"
03:42:55.529727 version@stat F·[10 1] S·2KiB[2KiB 412B] Sc·[2.50 0.00]
03:42:55.530384 transaction@flush created L0@27 N·1 S·126B "las..dex,v37":"las..dex,v37"
03:42:55.530411 version@stat F·[11 1] S·2KiB[2KiB 412B] Sc·[2.75 0.00]
03:42:55.531051 transaction@flush created L0@28 N·2 S·301B "12,v38":"las..dex,v39"
03:42:55.531105 version@stat F·[12 1] S·2KiB[2KiB 412B] Sc·[3.00 0.00]
03:42:55.531693 transaction@flush created L0@29 N·1 S·126B "las..dex,v40":"las..dex,v40"
03:42:55.531731 version@stat F·[13 1] S·3KiB[2KiB 412B] Sc·[3.25 0.00]
03:42:55.533618 transaction@flush created L0@30 N·2 S·301B "13,v41":"las..dex,v42"
03:42:55.533652 version@stat F·[14 1] S·3KiB[2KiB 412B] Sc·[3.50 0.00]
03:42:55.534393 transaction@flush created L0@31 N·1 S·126B "las..dex,v43":"las..dex,v43"
03:42:55.534427 version@stat F·[15 1] S·3KiB[3KiB 412B] Sc·[3.75 0.00]
03:42:55.535342 transaction@flush created L0@32 N·2 S·301B "14,v44":"las..dex,v45"
03:42:55.535379 version@stat F·[16 1] S·3KiB[3KiB 412B] Sc·[4.00 0.00]
03:42:55.535668 table@compaction L0·16 -> L1·1 S·3KiB Q·45
03:42:55.536977 table@build created L1@33 N·16 S·569B "0,v2":"las..dex,v45"
03:42:55.537113 version@stat F·[0 1] S·569B[0B 569B] Sc·[0.00 0.00]
03:42:55.537285 table@compaction committed F-16 S-3KiB Ke·0 D·16 T·1.589362ms
03:42:55.537392 table@remove removed @32
03:42:55.537497 table@remove removed @31
03:42:55.537616 table@remove removed @30
03:42:55.537691 table@remove removed @29
03:42:55.537757 table@remove removed @28
03:42:55.537824 table@remove removed @27
03:42:55.537923 table@remove removed @26
03:42:55.537995 table@remove removed @25
03:42:55.538103 table@remove removed @24
03:42:55.538216 table@remove removed @23
03:42:55.538575 table@remove removed @22
03:42:55.538717 table@remove removed @21
03:42:55.538798 table@remove removed @20
03:42:55.538889 table@remove removed @19
03:42:55.539111 table@remove removed @18
03:42:55.539178 table@remove removed @17
03:42:55.539267 table@remove removed @16
03:42:55.540162 transaction@flush created L0@34 N·1 S·126B "las..dex,v46":"las..dex,v46"
03:42:55.540195 version@stat F·[1 1] S·695B[126B 569B] Sc·[0.25 0.00]
03:42:55.540822 transaction@flush created L0@35 N·2 S·301B "15,v47":"las..dex,v48"
03:42:55.540926 version@stat F·[2 1] S·996B[427B 569B] Sc·[0.50 0.00]
03:42:55.541935 transaction@flush created L0@36 N·1 S·126B "las..dex,v49":"las..dex,v49"
03:42:55.542172 version@stat F·[3 1] S·1KiB[553B 569B] Sc·[0.75 0.00]
03:42:55.543254 transaction@flush created L0@37 N·2 S·301B "16,v50":"las..dex,v51"
03:42:55.543289 version@stat F·[4 1] S·1KiB[854B 569B] Sc·[1.00 0.00]
03:42:55.543906 transaction@flush created L0@38 N·1 S·126B "las..dex,v52":"las..dex,v52"
03:42:55.543940 version@stat F·[5 1] S·1KiB[980B 569B] Sc·[1.25 0.00]
03:42:55.544492 transaction@flush created L0@39 N·2 S·301B "17,v53":"las..dex,v54"
03:42:55.544526 version@stat F·[6 1] S·1KiB[1KiB 569B] Sc·[1.50 0.00]
03:42:55.545115 transaction@flush created L0@40 N·1 S·126B "las..dex,v55":"las..dex,v55"
03:42:55.545146 version@stat F·[7 1] S·1KiB[1KiB 569B] Sc·[1.75 0.00]
03:42:55.545685 transaction@flush created L0@41 N·2 S·301B "18,v56":"las..dex,v57"
03:42:55.545717 version@stat F·[8 1] S·2KiB[1KiB 569B] Sc·[2.00 0.00]
03:42:55.546289 transaction@flush created L0@42 N·1 S·126B "las..dex,v58":"las..dex,v58"
03:42:55.546345 version@stat F·[9 1] S·2KiB[1KiB 569B] Sc·[2.25 0.00]
03:42:55.546849 transaction@flush created L0@43 N·2 S·301B "19,v59":"las..dex,v60"
03:42:55.546879 version@stat F·[10 1] S·2KiB[2KiB 569B] Sc·[2.50 0.00]
03:42:55.547335 transaction@flush created L0@44 N·1 S·126B "las..dex,v61":"las..dex,v61"
03:42:55.547382 version@stat F·[11 1] S·2KiB[2KiB 569B] Sc·[2.75 0.00]
03:42:55.547830 transaction@flush created L0@45 N·2 S·301B "20,v62":"las..dex,v63"
03:42:55.547871 version@stat F·[12 1] S·3KiB[2KiB 569B] Sc·[3.00 0.00]
03:42:55.548407 transaction@flush created L0@46 N·1 S·126B "las..dex,v64":"las..dex,v64"
03:42:55.548441 version@stat F·[13 1] S·3KiB[2KiB 569B] Sc·[3.25 0.00]
03:42:55.549163 transaction@flush created L0@47 N·2 S·301B "21,v65":"las..dex,v66"
03:42:55.549195 version@stat F·[14 1] S·3KiB[2KiB 569B] Sc·[3.50 0.00]
03:42:55.549720 transaction@flush created L0@48 N·1 S·126B "las..dex,v67":"las..dex,v67"
03:42:55.549749 version@stat F·[15 1] S·3KiB[3KiB 569B] Sc·[3.75 0.00]
03:42:55.550725 transaction@flush created L0@49 N·2 S·301B "22,v68":"las..dex,v69"
03:42:55.550771 version@stat F·[16 1] S·3KiB[3KiB 569B] Sc·[4.00 0.00]
03:42:55.551307 transaction@flush created L0@50 N·1 S·126B "las..dex,v70":"las..dex,v70"
03:42:55.551343 version@stat F·[17 1] S·4KiB[3KiB 569B] Sc·[4.25 0.00]
03:42:55.552056 transaction@flush created L0@51 N·2 S·301B "23,v71":"las..dex,v72"
03:42:55.552088 version@stat F·[18 1] S·4KiB[3KiB 569B] Sc·[4.50 0.00]
03:42:55.552910 transaction@flush created L0@52 N·1 S·126B "las..dex,v73":"las..dex,v73"
03:42:55.552949 version@stat F·[19 1] S·4KiB[3KiB 569B] Sc·[4.75 0.00]
03:42:55.553523 transaction@flush created L0@53 N·2 S·301B "24,v74":"las..dex,v75"
03:42:55.553556 version@stat F·[20 1] S·4KiB[4KiB 569B] Sc·[5.00 0.00]
03:42:55.553838 table@compaction L0·20 -> L1·1 S·4KiB Q·75
03:42:55.555203 table@build created L1@54 N·26 S·933B "0,v2":"las..dex,v75"
03:42:55.555280 version@stat F·[0 1] S·933B[0B 933B] Sc·[0.00 0.00]
03:42:55.555451 table@compaction committed F-20 S-3KiB Ke·0 D·20 T·1.586749ms
03:42:55.555557 table@remove removed @53
03:42:55.555629 table@remove removed @52
03:42:55.555725 table@remove removed @51
03:42:55.555814 table@remove removed @50
03:42:55.555909 table@remove removed @49
03:42:55.555978 table@remove removed @48
03:42:55.556089 table@remove removed @47
03:42:55.556180 table@remove removed @46
03:42:55.556322 table@remove removed @45
03:42:55.556427 table@remove removed @44
03:42:55.556521 table@remove removed @43
03:42:55.556636 table@remove removed @42
03:42:55.556798 table@remove removed @41
03:42:55.557020 table@remove removed @40
03:42:55.557108 table@remove removed @39
03:42:55.557846 table@remove removed @38
03:42:55.557969 table@remove removed @37
03:42:55.558094 table@remove removed @36
03:42:55.558275 table@remove removed @35
03:42:55.558415 table@remove removed @34
03:42:55.558505 table@remove removed @33
03:42:55.564016 transaction@flush created L0@55 N·1 S·126B "las..dex,v76":"las..dex,v76"
03:42:55.564048 version@stat F·[1 1] S·1KiB[126B 933B] Sc·[0.25 0.00]
03:42:55.564626 transaction@flush created L0@56 N·2 S·301B "25,v77":"las..dex,v78"
03:42:55.564657 version@stat F·[2 1] S·1KiB[427B 933B] Sc·[0.50 0.00]
03:42:55.565210 transaction@flush created L0@57 N·1 S·126B "las..dex,v79":"las..dex,v79"
03:42:55.565279 version@stat F·[3 1] S·1KiB[553B 933B] Sc·[0.75 0.00]
03:42:55.565870 transaction@flush created L0@58 N·2 S·301B "26,v80":"las..dex,v81"
03:42:55.565930 version@stat F·[4 1] S·1KiB[854B 933B] Sc·[1.00 0.00]
03:42:55.566391 transaction@flush created L0@59 N·1 S·126B "las..dex,v82":"las..dex,v82"
03:42:55.566422 version@stat F·[5 1] S·1KiB[980B 933B] Sc·[1.25 0.00]
03:42:55.566954 transaction@flush created L0@60 N·2 S·301B "27,v83":"las..dex,v84"
03:42:55.566986 version@stat F·[6 1] S·2KiB[1KiB 933B] Sc·[1.50 0.00]
03:42:55.567475 transaction@flush created L0@61 N·1 S·126B "las..dex,v85":"las..dex,v85"
03:42:55.567526 version@stat F·[7 1] S·2KiB[1KiB 933B] Sc·[1.75 0.00]
03:42:55.568161 transaction@flush created L0@62 N·2 S·301B "28,v86":"las..dex,v87"
03:42:55.568195 version@stat F·[8 1] S·2KiB[1KiB 933B] Sc·[2.00 0.00]
03:42:55.568700 transaction@flush created L0@63 N·1 S·126B "las..dex,v88":"las..dex,v88"
03:42:55.568731 version@stat F·[9 1] S·2KiB[1KiB 933B] Sc·[2.25 0.00]
03:42:55.569547 transaction@flush created L0@64 N·2 S·301B "29,v89":"las..dex,v90"
03:42:55.569577 version@stat F·[10 1] S·2KiB[2KiB 933B] Sc·[2.50 0.00]
03:42:55.570045 transaction@flush created L0@65 N·1 S·126B "las..dex,v91":"las..dex,v91"
03:42:55.570077 version@stat F·[11 1] S·3KiB[2KiB 933B] Sc·[2.75 0.00]
03:42:55.570763 transaction@flush created L0@66 N·2 S·301B "30,v92":"las..dex,v93"
03:42:55.570820 version@stat F·[12 1] S·3KiB[2KiB 933B] Sc·[3.00 0.00]
03:42:55.571339 transaction@flush created L0@67 N·1 S·126B "las..dex,v94":"las..dex,v94"
03:42:55.571371 version@stat F·[13 1] S·3KiB[2KiB 933B] Sc·[3.25 0.00]
03:42:55.572031 transaction@flush created L0@68 N·2 S·301B "31,v95":"las..dex,v96"
03:42:55.572064 version@stat F·[14 1] S·3KiB[2KiB 933B] Sc·[3.50 0.00]
03:42:55.572293 table@compaction L0·14 -> L1·1 S·3KiB Q·96
03:42:55.573622 table@build created L1@69 N·33 S·1KiB "0,v2":"las..dex,v96"
03:42:55.573677 version@stat F·[0 1] S·1KiB[0B 1KiB] Sc·[0.00 0.00]
03:42:55.573848 table@compaction committed F-14 S-2KiB Ke·0 D·14 T·1.527276ms
03:42:55.573932 table@remove removed @68
03:42:55.574007 table@remove removed @67
03:42:55.574071 table@remove removed @66
03:42:55.574135 table@remove removed @65
03:42:55.574323 table@remove removed @64
03:42:55.574488 table@remove removed @63
03:42:55.574553 table@remove removed @62
03:42:55.574667 table@remove removed @61
03:42:55.574780 table@remove removed @60
03:42:55.574884 table@remove removed @59
03:42:55.574997 table@remove removed @58
03:42:55.575089 table@remove removed @57
03:42:55.575209 table@remove removed @56
03:42:55.575288 table@remove removed @55
03:42:55.575378 table@remove removed @54
03:42:55.581436 transaction@flush created L0@70 N·1 S·126B "las..dex,v97":"las..dex,v97"
03:42:55.581473 version@stat F·[1 1] S·1KiB[126B 1KiB] Sc·[0.25 0.00]
03:42:55.582365 transaction@flush created L0@71 N·2 S·301B "32,v98":"las..dex,v99"
03:42:55.582409 version@stat F·[2 1] S·1KiB[427B 1KiB] Sc·[0.50 0.00]
03:42:55.582966 transaction@flush created L0@72 N·1 S·126B "las..dex,v100":"las..dex,v100"
03:42:55.582997 version@stat F·[3 1] S·1KiB[553B 1KiB] Sc·[0.75 0.00]
03:42:55.583711 transaction@flush created L0@73 N·2 S·301B "33,v101":"las..dex,v102"
03:42:55.583743 version@stat F·[4 1] S·1KiB[854B 1KiB] Sc·[1.00 0.00]
03:42:55.584207 transaction@flush created L0@74 N·1 S·126B "las..dex,v103":"las..dex,v103"
03:42:55.584240 version@stat F·[5 1] S·2KiB[980B 1KiB] Sc·[1.25 0.00]
03:42:55.585099 transaction@flush created L0@75 N·2 S·301B "34,v104":"las..dex,v105"
03:42:55.585144 version@stat F·[6 1] S·2KiB[1KiB 1KiB] Sc·[1.50 0.00]
03:42:55.586297 transaction@flush created L0@76 N·1 S·126B "las..dex,v106":"las..dex,v106"
03:42:55.586329 version@stat F·[7 1] S·2KiB[1KiB 1KiB] Sc·[1.75 0.00]
03:42:55.586824 transaction@flush created L0@77 N·2 S·301B "35,v107":"las..dex,v108"
03:42:55.586853 version@stat F·[8 1] S·2KiB[1KiB 1KiB] Sc·[2.00 0.00]
03:42:55.587546 transaction@flush created L0@78 N·1 S·126B "las..dex,v109":"las..dex,v109"
03:42:55.587579 version@stat F·[9 1] S·2KiB[1KiB 1KiB] Sc·[2.25 0.00]
03:42:55.588292 transaction@flush created L0@79 N·2 S·301B "36,v110":"las..dex,v111"
03:42:55.588336 version@stat F·[10 1] S·3KiB[2KiB 1KiB] Sc·[2.50 0.00]
03:42:55.588859 transaction@flush created L0@80 N·1 S·126B "las..dex,v112":"las..dex,v112"
03:42:55.588893 version@stat F·[11 1] S·3KiB[2KiB 1KiB] Sc·[2.75 0.00]
03:42:55.589534 transaction@flush created L0@81 N·2 S·301B "37,v113":"las..dex,v114"
03:42:55.589574 version@stat F·[12 1] S·3KiB[2KiB 1KiB] Sc·[3.00 0.00]
03:42:55.592649 table@compaction L0·12 -> L1·1 S·3KiB Q·114
03:42:55.593996 table@build created L1@82 N·39 S·1KiB "0,v2":"las..dex,v114"
03:42:55.594066 version@stat F·[0 1] S·1KiB[0B 1KiB] Sc·[0.00 0.00]
03:42:55.594261 table@compaction committed F-12 S-2KiB Ke·0 D·12 T·1.572842ms
03:42:55.594365 table@remove removed @81
03:42:55.594472 table@remove removed @80
03:42:55.594793 table@remove removed @79
03:42:55.594911 table@remove removed @78
03:42:55.595004 table@remove removed @77
03:42:55.595148 table@remove removed @76
03:42:55.595252 table@remove removed @75
03:42:55.595401 table@remove removed @74
03:42:55.595498 table@remove removed @73
03:42:55.595604 table@remove removed @72
03:42:55.595670 table@remove removed @71
03:42:55.595756 table@remove removed @70
03:42:55.595848 table@remove removed @69
03:42:55.607324 transaction@flush created L0@83 N·1 S·126B "las..dex,v115":"las..dex,v115"
03:42:55.607352 version@stat F·[1 1] S·1KiB[126B 1KiB] Sc·[0.25 0.00]
03:42:55.608099 transaction@flush created L0@84 N·2 S·301B "38,v116":"las..dex,v117"
03:42:55.608142 version@stat F·[2 1] S·1KiB[427B 1KiB] Sc·[0.50 0.00]
03:42:55.610398 transaction@flush created L0@85 N·1 S·126B "las..dex,v118":"las..dex,v118"
03:42:55.610443 version@stat F·[3 1] S·1KiB[553B 1KiB] Sc·[0.75 0.00]
03:42:55.610978 transaction@flush created L0@86 N·2 S·301B "39,v119":"las..dex,v120"
03:42:55.611011 version@stat F·[4 1] S·1KiB[854B 1KiB] Sc·[1.00 0.00]
03:42:55.611511 transaction@flush created L0@87 N·1 S·126B "las..dex,v121":"las..dex,v121"
03:42:55.611545 version@stat F·[5 1] S·2KiB[980B 1KiB] Sc·[1.25 0.00]
03:42:55.612164 transaction@flush created L0@88 N·2 S·301B "40,v122":"las..dex,v123"
03:42:55.612194 version@stat F·[6 1] S·2KiB[1KiB 1KiB] Sc·[1.50 0.00]
03:42:55.612901 transaction@flush created L0@89 N·1 S·126B "las..dex,v124":"las..dex,v124"
03:42:55.612932 version@stat F·[7 1] S·2KiB[1KiB 1KiB] Sc·[1.75 0.00]
03:42:55.613576 transaction@flush created L0@90 N·2 S·301B "41,v125":"las..dex,v126"
03:42:55.613609 version@stat F·[8 1] S·2KiB[1KiB 1KiB] Sc·[2.00 0.00]
03:42:55.614108 transaction@flush created L0@91 N·1 S·126B "las..dex,v127":"las..dex,v127"
03:42:55.614149 version@stat F·[9 1] S·2KiB[1KiB 1KiB] Sc·[2.25 0.00]
03:42:55.614957 transaction@flush created L0@92 N·2 S·301B "42,v128":"las..dex,v129"
03:42:55.614987 version@stat F·[10 1] S·3KiB[2KiB 1KiB] Sc·[2.50 0.00]
03:42:55.615558 transaction@flush created L0@93 N·1 S·126B "las..dex,v130":"las..dex,v130"
03:42:55.615589 version@stat F·[11 1] S·3KiB[2KiB 1KiB] Sc·[2.75 0.00]
03:42:55.616096 transaction@flush created L0@94 N·2 S·301B "43,v131":"las..dex,v132"
03:42:55.616142 version@stat F·[12 1] S·3KiB[2KiB 1KiB] Sc·[3.00 0.00]
03:42:55.616614 transaction@flush created L0@95 N·1 S·126B "las..dex,v133":"las..dex,v133"
03:42:55.616645 version@stat F·[13 1] S·3KiB[2KiB 1KiB] Sc·[3.25 0.00]
03:42:55.617260 transaction@flush created L0@96 N·2 S·301B "44,v134":"las..dex,v135"
03:42:55.617311 version@stat F·[14 1] S·4KiB[2KiB 1KiB] Sc·[3.50 0.00]
03:42:55.617811 transaction@flush created L0@97 N·1 S·126B "las..dex,v136":"las..dex,v136"
03:42:55.617841 version@stat F·[15 1] S·4KiB[3KiB 1KiB] Sc·[3.75 0.00]
03:42:55.618435 transaction@flush created L0@98 N·2 S·301B "45,v137":"las..dex,v138"
03:42:55.618468 version@stat F·[16 1] S·4KiB[3KiB 1KiB] Sc·[4.00 0.00]
03:42:55.618928 transaction@flush created L0@99 N·1 S·126B "las..dex,v139":"las..dex,v139"
03:42:55.618978 version@stat F·[17 1] S·4KiB[3KiB 1KiB] Sc·[4.25 0.00]
03:42:55.619560 transaction@flush created L0@100 N·2 S·301B "46,v140":"las..dex,v141"
03:42:55.619610 version@stat F·[18 1] S·4KiB[3KiB 1KiB] Sc·[4.50 0.00]
03:42:55.620259 transaction@flush created L0@101 N·1 S·126B "las..dex,v142":"las..dex,v142"
03:42:55.620292 version@stat F·[19 1] S·5KiB[3KiB 1KiB] Sc·[4.75 0.00]
03:42:55.620791 transaction@flush created L0@102 N·2 S·301B "47,v143":"las..dex,v144"
03:42:55.620821 version@stat F·[20 1] S·5KiB[4KiB 1KiB] Sc·[5.00 0.00]
03:42:55.621350 transaction@flush created L0@103 N·1 S·126B "las..dex,v145":"las..dex,v145"
03:42:55.621436 version@stat F·[21 1] S·5KiB[4KiB 1KiB] Sc·[5.25 0.00]
03:42:55.621938 transaction@flush created L0@104 N·2 S·301B "48,v146":"las..dex,v147"
03:42:55.622017 version@stat F·[22 1] S·5KiB[4KiB 1KiB] Sc·[5.50 0.00]
03:42:55.622508 transaction@flush created L0@105 N·1 S·126B "las..dex,v148":"las..dex,v148"
03:42:55.622543 version@stat F·[23 1] S·5KiB[4KiB 1KiB] Sc·[5.75 0.00]
03:42:55.623212 transaction@flush created L0@106 N·2 S·301B "49,v149":"las..dex,v150"
03:42:55.623245 version@stat F·[24 1] S·6KiB[5KiB 1KiB] Sc·[6.00 0.00]
03:42:55.623808 transaction@flush created L0@107 N·1 S·126B "las..dex,v151":"las..dex,v151"
03:42:55.623855 version@stat F·[25 1] S·6KiB[5KiB 1KiB] Sc·[6.25 0.00]
03:42:55.624489 transaction@flush created L0@108 N·2 S·301B "50,v152":"las..dex,v153"
03:42:55.624522 version@stat F·[26 1] S·6KiB[5KiB 1KiB] Sc·[6.50 0.00]
03:42:55.625003 transaction@flush created L0@109 N·1 S·126B "las..dex,v154":"las..dex,v154"
03:42:55.625046 version@stat F·[27 1] S·6KiB[5KiB 1KiB] Sc·[6.75 0.00]
03:42:55.625642 transaction@flush created L0@110 N·2 S·301B "51,v155":"las..dex,v156"
03:42:55.625682 version@stat F·[28 1] S·6KiB[5KiB 1KiB] Sc·[7.00 0.00]
03:42:55.626309 transaction@flush created L0@111 N·1 S·126B "las..dex,v157":"las..dex,v157"
03:42:55.626344 version@stat F·[29 1] S·7KiB[5KiB 1KiB] Sc·[7.25 0.00]
03:42:55.626866 transaction@flush created L0@112 N·2 S·301B "52,v158":"las..dex,v159"
03:42:55.626905 version@stat F·[30 1] S·7KiB[6KiB 1KiB] Sc·[7.50 0.00]
03:42:55.627199 table@compaction L0·30 -> L1·1 S·7KiB Q·159
03:42:55.629092 table@build created L1@113 N·54 S·1KiB "0,v2":"las..dex,v159"
03:42:55.629180 version@stat F·[0 1] S·1KiB[0B 1KiB] Sc·[0.00 0.00]
03:42:55.629392 table@compaction committed F-30 S-5KiB Ke·0 D·30 T·2.163299ms
03:42:55.629545 table@remove removed @112
03:42:55.629647 table@remove removed @111
03:42:55.629762 table@remove removed @110
03:42:55.629832 table@remove removed @109
03:42:55.629905 table@remove removed @108
03:42:55.630023 table@remove removed @107
03:42:55.630146 table@remove removed @106
03:42:55.630308 table@remove removed @105
03:42:55.630426 table@remove removed @104
03:42:55.630496 table@remove removed @103
03:42:55.630561 table@remove removed @102
03:42:55.630639 table@remove removed @101
03:42:55.630734 table@remove removed @100
03:42:55.630807 table@remove removed @99
03:42:55.630914 table@remove removed @98
03:42:55.631021 table@remove removed @97
03:42:55.631134 table@remove removed @96
03:42:55.631210 table@remove removed @95
03:42:55.631300 table@remove removed @94
03:42:55.631419 table@remove removed @93
03:42:55.631551 table@remove removed @92
03:42:55.631624 table@remove removed @91
03:42:55.631771 table@remove removed @90
03:42:55.631878 table@remove removed @89
03:42:55.632028 table@remove removed @88
03:42:55.632164 table@remove removed @87
03:42:55.632247 table@remove removed @86
03:42:55.632351 table@remove removed @85
03:42:55.632429 table@remove removed @84
03:42:55.632527 table@remove removed @83
03:42:55.632622 table@remove removed @82
03:42:55.640563 transaction@flush created L0@114 N·1 S·126B "las..dex,v160":"las..dex,v160"
03:42:55.640596 version@stat F·[1 1] S·1KiB[126B 1KiB] Sc·[0.25 0.00]
03:42:55.641234 transaction@flush created L0@115 N·2 S·301B "53,v161":"las..dex,v162"
03:42:55.641267 version@stat F·[2 1] S·2KiB[427B 1KiB] Sc·[0.50 0.00]
03:42:55.641817 transaction@flush created L0@116 N·1 S·126B "las..dex,v163":"las..dex,v163"
03:42:55.641852 version@stat F·[3 1] S·2KiB[553B 1KiB] Sc·[0.75 0.00]
03:42:55.642655 transaction@flush created L0@117 N·2 S·301B "54,v164":"las..dex,v165"
03:42:55.642687 version@stat F·[4 1] S·2KiB[854B 1KiB] Sc·[1.00 0.00]
03:42:55.643294 transaction@flush created L0@118 N·1 S·126B "las..dex,v166":"las..dex,v166"
03:42:55.643327 version@stat F·[5 1] S·2KiB[980B 1KiB] Sc·[1.25 0.00]
03:42:55.643890 transaction@flush created L0@119 N·2 S·301B "55,v167":"las..dex,v168"
03:42:55.643927 version@stat F·[6 1] S·2KiB[1KiB 1KiB] Sc·[1.50 0.00]
03:42:55.644460 transaction@flush created L0@120 N·1 S·126B "las..dex,v169":"las..dex,v169"
03:42:55.644493 version@stat F·[7 1] S·2KiB[1KiB 1KiB] Sc·[1.75 0.00]
03:42:55.645066 transaction@flush created L0@121 N·2 S·301B "56,v170":"las..dex,v171"
03:42:55.645098 version@stat F·[8 1] S·3KiB[1KiB 1KiB] Sc·[2.00 0.00]
03:42:55.645626 transaction@flush created L0@122 N·1 S·126B "las..dex,v172":"las..dex,v172"
03:42:55.645657 version@stat F·[9 1] S·3KiB[1KiB 1KiB] Sc·[2.25 0.00]
03:42:55.646265 transaction@flush created L0@123 N·2 S·301B "57,v173":"las..dex,v174"
03:42:55.646308 version@stat F·[10 1] S·3KiB[2KiB 1KiB] Sc·[2.50 0.00]
03:42:55.647086 transaction@flush created L0@124 N·1 S·126B "las..dex,v175":"las..dex,v175"
03:42:55.647129 version@stat F·[11 1] S·3KiB[2KiB 1KiB] Sc·[2.75 0.00]
03:42:55.647703 transaction@flush created L0@125 N·2 S·301B "58,v176":"las..dex,v177"
03:42:55.647821 version@stat F·[12 1] S·4KiB[2KiB 1KiB] Sc·[3.00 0.00]
03:42:55.648513 transaction@flush created L0@126 N·1 S·126B "las..dex,v178":"las..dex,v178"
03:42:55.648545 version@stat F·[13 1] S·4KiB[2KiB 1KiB] Sc·[3.25 0.00]
03:42:55.649216 transaction@flush created L0@127 N·2 S·301B "59,v179":"las..dex,v180"
03:42:55.649247 version@stat F·[14 1] S·4KiB[2KiB 1KiB] Sc·[3.50 0.00]
03:42:55.649805 transaction@flush created L0@128 N·1 S·126B "las..dex,v181":"las..dex,v181"
03:42:55.649840 version@stat F·[15 1] S·4KiB[3KiB 1KiB] Sc·[3.75 0.00]
03:42:55.650468 transaction@flush created L0@129 N·2 S·301B "60,v182":"las..dex,v183"
03:42:55.650498 version@stat F·[16 1] S·4KiB[3KiB 1KiB] Sc·[4.00 0.00]
03:42:55.651059 transaction@flush created L0@130 N·1 S·126B "las..dex,v184":"las..dex,v184"
03:42:55.651117 version@stat F·[17 1] S·5KiB[3KiB 1KiB] Sc·[4.25 0.00]
03:42:55.651880 transaction@flush created L0@131 N·2 S·301B "61,v185":"las..dex,v186"
03:42:55.651915 version@stat F·[18 1] S·5KiB[3KiB 1KiB] Sc·[4.50 0.00]
03:42:55.652510 transaction@flush created L0@132 N·1 S·126B "las..dex,v187":"las..dex,v187"
03:42:55.652545 version@stat F·[19 1] S·5KiB[3KiB 1KiB] Sc·[4.75 0.00]
03:42:55.653261 transaction@flush created L0@133 N·2 S·301B "62,v188":"las..dex,v189"
03:42:55.653305 version@stat F·[20 1] S·5KiB[4KiB 1KiB] Sc·[5.00 0.00]
03:42:55.653773 transaction@flush created L0@134 N·1 S·126B "las..dex,v190":"las..dex,v190"
03:42:55.653812 version@stat F·[21 1] S·5KiB[4KiB 1KiB] Sc·[5.25 0.00]
03:42:55.654445 transaction@flush created L0@135 N·2 S·301B "63,v191":"las..dex,v192"
03:42:55.654490 version@stat F·[22 1] S·6KiB[4KiB 1KiB] Sc·[5.50 0.00]
03:42:55.654984 transaction@flush created L0@136 N·1 S·126B "las..dex,v193":"las..dex,v193"
03:42:55.655019 version@stat F·[23 1] S·6KiB[4KiB 1KiB] Sc·[5.75 0.00]
03:42:55.655610 transaction@flush created L0@137 N·2 S·301B "64,v194":"las..dex,v195"
03:42:55.655641 version@stat F·[24 1] S·6KiB[5KiB 1KiB] Sc·[6.00 0.00]
03:42:55.656143 transaction@flush created L0@138 N·1 S·126B "las..dex,v196":"las..dex,v196"
03:42:55.656188 version@stat F·[25 1] S·6KiB[5KiB 1KiB] Sc·[6.25 0.00]
03:42:55.656920 transaction@flush created L0@139 N·2 S·301B "65,v197":"las..dex,v198"
03:42:55.656958 version@stat F·[26 1] S·7KiB[5KiB 1KiB] Sc·[6.50 0.00]
03:42:55.657755 transaction@flush created L0@140 N·1 S·126B "las..dex,v199":"las..dex,v199"
03:42:55.657810 version@stat F·[27 1] S·7KiB[5KiB 1KiB] Sc·[6.75 0.00]
03:42:55.658548 transaction@flush created L0@141 N·2 S·301B "66,v200":"las..dex,v201"
03:42:55.658602 version@stat F·[28 1] S·7KiB[5KiB 1KiB] Sc·[7.00 0.00]
03:42:55.659519 transaction@flush created L0@142 N·1 S·126B "las..dex,v202":"las..dex,v202"
03:42:55.659559 version@stat F·[29 1] S·7KiB[5KiB 1KiB] Sc·[7.25 0.00]
03:42:55.660183 transaction@flush created L0@143 N·2 S·301B "67,v203":"las..dex,v204"
03:42:55.660220 version@stat F·[30 1] S·7KiB[6KiB 1KiB] Sc·[7.50 0.00]
03:42:55.661177 transaction@flush created L0@144 N·1 S·126B "las..dex,v205":"las..dex,v205"
03:42:55.661229 version@stat F·[31 1] S·7KiB[6KiB 1KiB] Sc·[7.75 0.00]
03:42:55.661779 transaction@flush created L0@145 N·2 S·301B "68,v206":"las..dex,v207"
03:42:55.661813 version@stat F·[32 1] S·8KiB[6KiB 1KiB] Sc·[8.00 0.00]
03:42:55.662329 transaction@flush created L0@146 N·1 S·126B "las..dex,v208":"las..dex,v208"
03:42:55.662365 version@stat F·[33 1] S·8KiB[6KiB 1KiB] Sc·[8.25 0.00]
03:42:55.663100 transaction@flush created L0@147 N·2 S·301B "69,v209":"las..dex,v210"
03:42:55.663140 version@stat F·[34 1] S·8KiB[7KiB 1KiB] Sc·[8.50 0.00]
03:42:55.663721 transaction@flush created L0@148 N·1 S·126B "las..dex,v211":"las..dex,v211"
03:42:55.663764 version@stat F·[35 1] S·8KiB[7KiB 1KiB] Sc·[8.75 0.00]
03:42:55.664519 transaction@flush created L0@149 N·2 S·301B "70,v212":"las..dex,v213"
03:42:55.664574 version@stat F·[36 1] S·9KiB[7KiB 1KiB] Sc·[9.00 0.00]
03:42:55.665084 transaction@flush created L0@150 N·1 S·126B "las..dex,v214":"las..dex,v214"
03:42:55.665120 version@stat F·[37 1] S·9KiB[7KiB 1KiB] Sc·[9.25 0.00]
03:42:55.665861 transaction@flush created L0@151 N·2 S·301B "71,v215":"las..dex,v216"
03:42:55.665899 version@stat F·[38 1] S·9KiB[7KiB 1KiB] Sc·[9.50 0.00]
03:42:55.666436 transaction@flush created L0@152 N·1 S·126B "las..dex,v217":"las..dex,v217"
03:42:55.666474 version@stat F·[39 1] S·9KiB[8KiB 1KiB] Sc·[9.75 0.00]
03:42:55.667249 transaction@flush created L0@153 N·2 S·301B "72,v218":"las..dex,v219"
03:42:55.667282 version@stat F·[40 1] S·9KiB[8KiB 1KiB] Sc·[10.00 0.00]
03:42:55.667773 table@compaction L0·40 -> L1·1 S·9KiB Q·219
03:42:55.687624 transaction@flush created L0@154 N·1 S·126B "las..dex,v220":"las..dex,v220"
03:42:55.687686 version@stat F·[41 1] S·10KiB[8KiB 1KiB] Sc·[10.25 0.00]
03:42:55.695834 table@build created L1@156 N·74 S·2KiB "0,v2":"las..dex,v219"
03:42:55.695988 version@stat F·[1 1] S·2KiB[126B 2KiB] Sc·[0.25 0.00]
03:42:55.696837 table@compaction committed F-40 S-7KiB Ke·0 D·40 T·29.029717ms
03:42:55.697057 table@remove removed @153
03:42:55.697424 table@remove removed @152
03:42:55.697791 table@remove removed @151
03:42:55.697913 table@remove removed @150
03:42:55.698023 table@remove removed @149
03:42:55.698180 table@remove removed @148
03:42:55.698333 table@remove removed @147
03:42:55.698420 table@remove removed @146
03:42:55.698522 table@remove removed @145
03:42:55.698650 table@remove removed @144
03:42:55.698751 table@remove removed @143
03:42:55.698999 table@remove removed @142
03:42:55.699094 table@remove removed @141
03:42:55.699202 table@remove removed @140
03:42:55.699270 table@remove removed @139
03:42:55.699333 table@remove removed @138
03:42:55.699420 table@remove removed @137
03:42:55.699490 table@remove removed @136
03:42:55.699839 table@remove removed @135
03:42:55.700051 table@remove removed @134
03:42:55.700223 table@remove removed @133
03:42:55.700288 table@remove removed @132
03:42:55.700416 table@remove removed @131
03:42:55.700555 table@remove removed @130
03:42:55.700634 table@remove removed @129
03:42:55.700706 table@remove removed @128
03:42:55.700774 table@remove removed @127
03:42:55.700876 table@remove removed @126
03:42:55.700965 table@remove removed @125
03:42:55.701064 table@remove removed @124
03:42:55.701163 table@remove removed @123
03:42:55.701230 table@remove removed @122
03:42:55.701325 table@remove removed @121
03:42:55.701423 table@remove removed @120
03:42:55.701649 table@remove removed @119
03:42:55.701741 table@remove removed @118
03:42:55.701836 table@remove removed @117
03:42:55.701908 table@remove removed @116
03:42:55.701988 table@remove removed @115
03:42:55.702153 table@remove removed @114
03:42:55.702229 table@remove removed @113
03:42:55.703311 transaction@flush created L0@155 N·2 S·301B "73,v221":"las..dex,v222"
03:42:55.703355 version@stat F·[2 1] S·2KiB[427B 2KiB] Sc·[0.50 0.00]
03:42:55.704898 transaction@flush created L0@157 N·1 S·126B "las..dex,v223":"las..dex,v223"
03:42:55.704933 version@stat F·[3 1] S·2KiB[553B 2KiB] Sc·[0.75 0.00]
03:42:55.706617 transaction@flush created L0@158 N·2 S·301B "74,v224":"las..dex,v225"
03:42:55.706657 version@stat F·[4 1] S·2KiB[854B 2KiB] Sc·[1.00 0.00]
03:42:55.707657 transaction@flush created L0@159 N·1 S·126B "las..dex,v226":"las..dex,v226"
03:42:55.707695 version@stat F·[5 1] S·3KiB[980B 2KiB] Sc·[1.25 0.00]
03:42:55.708909 transaction@flush created L0@160 N·2 S·301B "75,v227":"las..dex,v228"
03:42:55.708960 version@stat F·[6 1] S·3KiB[1KiB 2KiB] Sc·[1.50 0.00]
03:42:55.710080 transaction@flush created L0@161 N·1 S·126B "las..dex,v229":"las..dex,v229"
03:42:55.710116 version@stat F·[7 1] S·3KiB[1KiB 2KiB] Sc·[1.75 0.00]
03:42:55.711104 transaction@flush created L0@162 N·2 S·301B "76,v230":"las..dex,v231"
03:42:55.711155 version@stat F·[8 1] S·3KiB[1KiB 2KiB] Sc·[2.00 0.00]
03:42:55.711980 transaction@flush created L0@163 N·1 S·126B "las..dex,v232":"las..dex,v232"
03:42:55.712193 version@stat F·[9 1] S·3KiB[1KiB 2KiB] Sc·[2.25 0.00]
03:42:55.712978 transaction@flush created L0@164 N·2 S·301B "77,v233":"las..dex,v234"
03:42:55.713010 version@stat F·[10 1] S·4KiB[2KiB 2KiB] Sc·[2.50 0.00]
03:42:55.713561 transaction@flush created L0@165 N·1 S·126B "las..dex,v235":"las..dex,v235"
03:42:55.713606 version@stat F·[11 1] S·4KiB[2KiB 2KiB] Sc·[2.75 0.00]
03:42:55.714274 transaction@flush created L0@166 N·2 S·301B "78,v236":"las..dex,v237"
03:42:55.714306 version@stat F·[12 1] S·4KiB[2KiB 2KiB] Sc·[3.00 0.00]
03:42:55.714584 table@compaction L0·12 -> L1·1 S·4KiB Q·237
03:42:55.717259 table@build created L1@167 N·80 S·2KiB "0,v2":"las..dex,v237"
03:42:55.717323 version@stat F·[0 1] S·2KiB[0B 2KiB] Sc·[0.00 0.00]
03:42:55.717938 table@compaction committed F-12 S-2KiB Ke·0 D·12 T·3.273663ms
03:42:55.718102 table@remove removed @166
03:42:55.718208 table@remove removed @165
03:42:55.718374 table@remove removed @164
03:42:55.718481 table@remove removed @163
03:42:55.733823 table@remove removed @162
03:42:55.736785 table@remove removed @161
03:42:55.740004 table@remove removed @160
03:42:55.743423 table@remove removed @159
03:42:55.744822 table@remove removed @158
03:42:55.745499 table@remove removed @157
03:42:55.745623 table@remove removed @155
03:42:55.745715 table@remove removed @154
03:42:55.748285 table@remove removed @156
03:42:55.776639 transaction@flush created L0@168 N·1 S·126B "las..dex,v238":"las..dex,v238"
03:42:55.776677 version@stat F·[1 1] S·2KiB[126B 2KiB] Sc·[0.25 0.00]
03:42:55.777492 transaction@flush created L0@169 N·2 S·301B "79,v239":"las..dex,v240"
03:42:55.777551 version@stat F·[2 1] S·2KiB[427B 2KiB] Sc·[0.50 0.00]
03:42:55.784250 transaction@flush created L0@170 N·1 S·126B "las..dex,v241":"las..dex,v241"
03:42:55.784295 version@stat F·[3 1] S·2KiB[553B 2KiB] Sc·[0.75 0.00]
03:42:55.785361 transaction@flush created L0@171 N·2 S·301B "80,v242":"las..dex,v243"
03:42:55.785403 version@stat F·[4 1] S·3KiB[854B 2KiB] Sc·[1.00 0.00]
03:42:55.785623 table@compaction L0·4 -> L1·1 S·3KiB Q·243
03:42:55.787188 table@build created L1@172 N·82 S·2KiB "0,v2":"las..dex,v243"
03:42:55.787419 version@stat F·[0 1] S·2KiB[0B 2KiB] Sc·[0.00 0.00]
03:42:55.787855 table@compaction committed F-4 S-819B Ke·0 D·4 T·2.191357ms
03:42:55.790589 table@remove removed @171
03:42:55.790798 table@remove removed @170
03:42:55.790917 table@remove removed @169
03:42:55.791036 table@remove removed @168
03:42:55.791930 table@remove removed @167
03:42:55.799408 transaction@flush created L0@173 N·1 S·126B "las..dex,v244":"las..dex,v244"
03:42:55.799443 version@stat F·[1 1] S·2KiB[126B 2KiB] Sc·[0.25 0.00]
03:42:55.800002 transaction@flush created L0@174 N·2 S·301B "81,v245":"las..dex,v246"
03:42:55.800037 version@stat F·[2 1] S·2KiB[427B 2KiB] Sc·[0.50 0.00]
03:42:55.807024 transaction@flush created L0@175 N·1 S·126B "las..dex,v247":"las..dex,v247"
03:42:55.807205 version@stat F·[3 1] S·2KiB[553B 2KiB] Sc·[0.75 0.00]
03:42:55.807978 transaction@flush created L0@176 N·2 S·301B "82,v248":"las..dex,v249"
03:42:55.808009 version@stat F·[4 1] S·3KiB[854B 2KiB] Sc·[1.00 0.00]
03:42:55.808729 transaction@flush created L0@177 N·1 S·126B "las..dex,v250":"las..dex,v250"
03:42:55.808822 version@stat F·[5 1] S·3KiB[980B 2KiB] Sc·[1.25 0.00]
03:42:55.810411 transaction@flush created L0@178 N·2 S·301B "83,v251":"las..dex,v252"
03:42:55.810448 version@stat F·[6 1] S·3KiB[1KiB 2KiB] Sc·[1.50 0.00]
03:42:55.812884 transaction@flush created L0@179 N·1 S·126B "las..dex,v253":"las..dex,v253"
03:42:55.813031 version@stat F·[7 1] S·3KiB[1KiB 2KiB] Sc·[1.75 0.00]
03:42:55.815959 transaction@flush created L0@180 N·2 S·301B "84,v254":"las..dex,v255"
03:42:55.815997 version@stat F·[8 1] S·3KiB[1KiB 2KiB] Sc·[2.00 0.00]
03:42:55.828601 table@compaction L0·8 -> L1·1 S·3KiB Q·255
03:42:55.829315 transaction@flush created L0@181 N·1 S·126B "las..dex,v256":"las..dex,v256"
03:42:55.829392 version@stat F·[9 1] S·4KiB[1KiB 2KiB] Sc·[2.25 0.00]
03:42:55.830687 transaction@flush created L0@183 N·2 S·302B "85,v257":"las..dex,v258"
03:42:55.830739 version@stat F·[10 1] S·4KiB[2KiB 2KiB] Sc·[2.50 0.00]
03:42:55.830872 table@build created L1@182 N·86 S·2KiB "0,v2":"las..dex,v255"
03:42:55.831112 version@stat F·[2 1] S·2KiB[428B 2KiB] Sc·[0.50 0.00]
03:42:55.831301 table@compaction committed F-8 S-1KiB Ke·0 D·8 T·2.672898ms
03:42:55.831390 table@remove removed @180
03:42:55.831478 table@remove removed @179
03:42:55.831552 table@remove removed @178
03:42:55.832089 table@remove removed @177
03:42:55.832169 table@remove removed @176
03:42:55.832244 table@remove removed @175
03:42:55.832658 transaction@flush created L0@184 N·1 S·126B "las..dex,v259":"las..dex,v259"
03:42:55.832956 table@remove removed @174
03:42:55.833135 table@remove removed @173
03:42:55.833296 table@remove removed @172
03:42:55.833399 version@stat F·[3 1] S·2KiB[554B 2KiB] Sc·[0.75 0.00]
03:42:55.834151 transaction@flush created L0@185 N·2 S·302B "86,v260":"las..dex,v261"
03:42:55.834196 version@stat F·[4 1] S·3KiB[856B 2KiB] Sc·[1.00 0.00]
03:42:55.834448 table@compaction L0·4 -> L1·1 S·3KiB Q·261
03:42:55.835548 table@build created L1@186 N·88 S·2KiB "0,v2":"las..dex,v261"
03:42:55.835595 version@stat F·[0 1] S·2KiB[0B 2KiB] Sc·[0.00 0.00]
03:42:55.835784 table@compaction committed F-4 S-819B Ke·0 D·4 T·1.298849ms
03:42:55.835891 table@remove removed @185
03:42:55.835967 table@remove removed @184
03:42:55.836061 table@remove removed @183
03:42:55.836139 table@remove removed @181
03:42:55.836203 table@remove removed @182
03:42:55.841132 transaction@flush created L0@187 N·1 S·126B "las..dex,v262":"las..dex,v262"
03:42:55.841169 version@stat F·[1 1] S·2KiB[126B 2KiB] Sc·[0.25 0.00]
03:42:55.865876 transaction@flush created L0@188 N·2 S·302B "87,v263":"las..dex,v264"
03:42:55.865933 version@stat F·[2 1] S·2KiB[428B 2KiB] Sc·[0.50 0.00]
03:42:55.869408 transaction@flush created L0@189 N·1 S·126B "las..dex,v265":"las..dex,v265"
03:42:55.869446 version@stat F·[3 1] S·2KiB[554B 2KiB] Sc·[0.75 0.00]
03:42:55.870102 transaction@flush created L0@190 N·2 S·302B "88,v266":"las..dex,v267"
03:42:55.870236 version@stat F·[4 1] S·3KiB[856B 2KiB] Sc·[1.00 0.00]
03:42:55.870428 table@compaction L0·4 -> L1·1 S·3KiB Q·267
03:42:55.871144 table@build created L1@191 N·90 S·2KiB "0,v2":"las..dex,v267"
03:42:55.871189 version@stat F·[0 1] S·2KiB[0B 2KiB] Sc·[0.00 0.00]
03:42:55.871347 table@compaction committed F-4 S-822B Ke·0 D·4 T·886.553µs
03:42:55.871432 table@remove removed @190
03:42:55.871501 table@remove removed @189
03:42:55.871620 table@remove removed @188
03:42:55.871682 table@remove removed @187
03:42:55.871771 table@remove removed @186
03:42:55.876650 transaction@flush created L0@192 N·1 S·126B "las..dex,v268":"las..dex,v268"
03:42:55.876696 version@stat F·[1 1] S·2KiB[126B 2KiB] Sc·[0.25 0.00]
03:42:55.877559 transaction@flush created L0@193 N·2 S·302B "89,v269":"las..dex,v270"
03:42:55.877594 version@stat F·[2 1] S·2KiB[428B 2KiB] Sc·[0.50 0.00]
03:42:55.882005 transaction@flush created L0@194 N·1 S·126B "las..dex,v271":"las..dex,v271"
